grid_cons,pv_grid,battery_cons,PV_battery,pv_cons,battery_usage,consumption_data,normalized_pv
0.0,0.0,0.0,0.0,0.0,0,0.536,0.0
0.408,0.0,0.0,0.0,0.0,0.0,0.408,0.0
0.41600000000000004,0.0,0.0,0.0,0.0,0.0,0.41600000000000004,0.0
0.47200000000000003,0.0,0.0,0.0,0.0,0.0,0.47200000000000003,0.0
0.528,0.0,0.0,0.0,0.0,0.0,0.528,0.0
0.5920000000000001,0.0,0.0,0.0,0.0,0.0,0.5920000000000001,0.0
0.528,0.0,0.0,0.0,0.0,0.0,0.528,0.0
0.504,0.0,0.0,0.0,0.0,0.0,0.504,0.0
0.42929583339056765,0.0,0.0,0.0,0.15470416660943234,0.0,0.584,0.0207378712871287
0.23589214528431768,0.0,0.0,0.0,0.5721078547156823,0.0,0.8079999999999999,0.0766902360387091
0.8661011192934343,0.0,0.0,0.0,0.9658988807065656,0.0,1.8319999999999999,0.129477357355501
0.19891772155920373,0.0,0.0,0.0,1.6410822784407963,0.0,1.84,0.219984721858281
0.5990984510432853,0.0,0.0,0.0,1.2089015489567148,0.0,1.808,0.16205151593859102
0.0,0.3021365493016749,0.0,0.0,0.7440000000000001,0.0,0.7440000000000001,0.140233101561832
1.0623099448377928,0.0,0.0,0.0,0.5856900551622072,0.0,1.6480000000000001,0.0785109104964767
0.7866558099209939,0.0,0.0,0.0,0.15734419007900607,0.0,0.9440000000000001,0.0210917626405868
0.8079999999999999,0.0,0.0,0.0,0.0,0.0,0.8079999999999999,0.0
1.1440000000000001,0.0,0.0,0.0,0.0,0.0,1.1440000000000001,0.0
2.064,0.0,0.0,0.0,0.0,0.0,2.064,0.0
1.44,0.0,0.0,0.0,0.0,0.0,1.44,0.0
1.456,0.0,0.0,0.0,0.0,0.0,1.456,0.0
1.4080000000000001,0.0,0.0,0.0,0.0,0.0,1.4080000000000001,0.0
1.0,0.0,0.0,0.0,0.0,0.0,1.0,0.0
0.848,0.0,0.0,0.0,0.0,0.0,0.848,0.0
0.496,0.0,0.0,0.0,0.0,0.0,0.496,0.0
0.43200000000000005,0.0,0.0,0.0,0.0,0.0,0.43200000000000005,0.0
0.5760000000000001,0.0,0.0,0.0,0.0,0.0,0.5760000000000001,0.0
0.424,0.0,0.0,0.0,0.0,0.0,0.424,0.0
0.43200000000000005,0.0,0.0,0.0,0.0,0.0,0.43200000000000005,0.0
0.632,0.0,0.0,0.0,0.0,0.0,0.632,0.0
0.616,0.0,0.0,0.0,0.0,0.0,0.616,0.0
0.5920000000000001,0.0,0.0,0.0,0.0,0.0,0.5920000000000001,0.0
0.4848520463921706,0.0,0.0,0.0,0.2591479536078295,0.0,0.7440000000000001,0.0347384108910891
0.42172205077912084,0.0,0.0,0.0,0.5862779492208792,0.0,1.008,0.0785897168504774
0.6334951935971282,0.0,0.0,0.0,0.8705048064028718,0.0,1.504,0.11668991873751501
0.29659986529695015,0.0,0.0,0.0,1.0154001347030497,0.0,1.3119999999999998,0.136112929340593
0.02504377500596444,0.0,0.0,0.0,1.0309562249940356,0.0,1.056,0.13819820089633497
0.254728340599514,0.0,0.0,0.0,0.6972716594004861,0.0,0.9520000000000001,0.0934682642473076
0.40406161331413115,0.0,0.0,0.0,0.47593838668586885,0.0,0.88,0.0637988570056617
0.7295817730809147,0.0,0.0,0.0,0.07041822691908538,0.0,0.8,0.00943946215619753
0.56,0.0,0.0,0.0,0.0,0.0,0.56,0.0
0.88,0.0,0.0,0.0,0.0,0.0,0.88,0.0
1.16,0.0,0.0,0.0,0.0,0.0,1.16,0.0
1.76,0.0,0.0,0.0,0.0,0.0,1.76,0.0
1.784,0.0,0.0,0.0,0.0,0.0,1.784,0.0
0.968,0.0,0.0,0.0,0.0,0.0,0.968,0.0
0.76,0.0,0.0,0.0,0.0,0.0,0.76,0.0
0.9279999999999999,0.0,0.0,0.0,0.0,0.0,0.9279999999999999,0.0
0.5920000000000001,0.0,0.0,0.0,0.0,0.0,0.5920000000000001,0.0
0.47200000000000003,0.0,0.0,0.0,0.0,0.0,0.47200000000000003,0.0
0.496,0.0,0.0,0.0,0.0,0.0,0.496,0.0
0.48,0.0,0.0,0.0,0.0,0.0,0.48,0.0
0.48,0.0,0.0,0.0,0.0,0.0,0.48,0.0
0.48,0.0,0.0,0.0,0.0,0.0,0.48,0.0
0.48,0.0,0.0,0.0,0.0,0.0,0.48,0.0
0.624,0.0,0.0,0.0,0.0,0.0,0.624,0.0
0.8201889074828095,0.0,0.0,0.0,0.20381109251719048,0.0,1.024,0.0273205841584158
0.0,0.31502055477087887,0.0,0.0,0.8240000000000001,0.0,0.8240000000000001,0.15268406905850102
0.0,1.207616608506429,0.0,0.0,0.728,0.0,0.728,0.259466625677731
0.21904099454188986,0.0,0.0,0.0,2.0689590054581104,0.0,2.2880000000000003,0.277340982430399
0.0,0.4568868354079685,0.0,0.0,1.264,0.0,1.264,0.23068240807309198
0.5360849596665811,0.0,0.0,0.0,1.7599150403334187,0.0,2.296,0.235914082875717
0.18420571552947274,0.0,0.0,0.0,1.127794284470527,0.0,1.3119999999999998,0.15117920365231602
0.4049862353150159,0.0,0.0,0.0,0.24301376468498417,0.0,0.648,0.0325756460442386
0.528,0.0,0.0,0.0,0.0,0.0,0.528,0.0
1.016,0.0,0.0,0.0,0.0,0.0,1.016,0.0
2.496,0.0,0.0,0.0,0.0,0.0,2.496,0.0
1.912,0.0,0.0,0.0,0.0,0.0,1.912,0.0
1.168,0.0,0.0,0.0,0.0,0.0,1.168,0.0
1.168,0.0,0.0,0.0,0.0,0.0,1.168,0.0
1.92,0.0,0.0,0.0,0.0,0.0,1.92,0.0
1.3359999999999999,0.0,0.0,0.0,0.0,0.0,1.3359999999999999,0.0
0.5760000000000001,0.0,0.0,0.0,0.0,0.0,0.5760000000000001,0.0
0.47200000000000003,0.0,0.0,0.0,0.0,0.0,0.47200000000000003,0.0
0.48,0.0,0.0,0.0,0.0,0.0,0.48,0.0
0.424,0.0,0.0,0.0,0.0,0.0,0.424,0.0
0.504,0.0,0.0,0.0,0.0,0.0,0.504,0.0
0.536,0.0,0.0,0.0,0.0,0.0,0.536,0.0
0.488,0.0,0.0,0.0,0.0,0.0,0.488,0.0
0.48,0.0,0.0,0.0,0.0,0.0,0.48,0.0
0.39448087972638113,0.0,0.0,0.0,0.2615191202736188,0.0,0.6559999999999999,0.0350562623762376
0.0,0.9083958665254928,0.0,0.0,0.792,0.0,0.792,0.227935623131571
0.0,1.7062349452609,0.0,0.0,0.84,0.0,0.84,0.341319136509865
0.0,1.271048797866359,0.0,0.0,1.5519999999999998,0.0,1.5519999999999998,0.378425635782886
0.0,1.7359965168704852,0.0,0.0,0.912,0.0,0.912,0.354960128994206
0.0,1.529852290023591,0.0,0.0,0.7440000000000001,0.0,0.7440000000000001,0.304806632878219
0.0,0.9800088718345935,0.0,0.0,0.664,0.0,0.664,0.22037702749839702
0.27838282762952316,0.0,0.0,0.0,0.7776171723704769,0.0,1.056,0.10423846483716302
0.9279999999999999,0.0,0.0,0.0,0.0,0.0,0.9279999999999999,0.0
0.736,0.0,0.0,0.0,0.0,0.0,0.736,0.0
0.84,0.0,0.0,0.0,0.0,0.0,0.84,0.0
1.248,0.0,0.0,0.0,0.0,0.0,1.248,0.0
0.9840000000000001,0.0,0.0,0.0,0.0,0.0,0.9840000000000001,0.0
1.112,0.0,0.0,0.0,0.0,0.0,1.112,0.0
1.24,0.0,0.0,0.0,0.0,0.0,1.24,0.0
1.064,0.0,0.0,0.0,0.0,0.0,1.064,0.0
0.736,0.0,0.0,0.0,0.0,0.0,0.736,0.0
0.48,0.0,0.0,0.0,0.0,0.0,0.48,0.0
0.504,0.0,0.0,0.0,0.0,0.0,0.504,0.0
0.41600000000000004,0.0,0.0,0.0,0.0,0.0,0.41600000000000004,0.0
0.48,0.0,0.0,0.0,0.0,0.0,0.48,0.0
0.44,0.0,0.0,0.0,0.0,0.0,0.44,0.0
0.504,0.0,0.0,0.0,0.0,0.0,0.504,0.0
0.496,0.0,0.0,0.0,0.0,0.0,0.496,0.0
0.36680842595596375,0.0,0.0,0.0,0.08119157404403621,0.0,0.44799999999999995,0.0108836138613861
0.47679282406514073,0.0,0.0,0.0,0.2912071759348593,0.0,0.768,0.0390359035879849
1.0940132831514657,0.0,0.0,0.0,0.4419867168485344,0.0,1.536,0.0592476844386857
0.8470269643353288,0.0,0.0,0.0,0.5529730356646712,0.0,1.4,0.0741252410338611
1.5092588316161155,0.0,0.0,0.0,0.4907411683838846,0.0,2.0,0.0657831486267136
0.7186273424356564,0.0,0.0,0.0,0.38537265756434363,0.0,1.104,0.0516586511229803
0.5116163759437689,0.0,0.0,0.0,0.31238362405623127,0.0,0.8240000000000001,0.0418745760367255
1.2106357360032232,0.0,0.0,0.0,0.05336426399677692,0.0,1.264,0.00715340292605954
1.1520000000000001,0.0,0.0,0.0,0.0,0.0,1.1520000000000001,0.0
1.848,0.0,0.0,0.0,0.0,0.0,1.848,0.0
2.184,0.0,0.0,0.0,0.0,0.0,2.184,0.0
2.096,0.0,0.0,0.0,0.0,0.0,2.096,0.0
2.736,0.0,0.0,0.0,0.0,0.0,2.736,0.0
1.104,0.0,0.0,0.0,0.0,0.0,1.104,0.0
1.008,0.0,0.0,0.0,0.0,0.0,1.008,0.0
0.7440000000000001,0.0,0.0,0.0,0.0,0.0,0.7440000000000001,0.0
0.7040000000000001,0.0,0.0,0.0,0.0,0.0,0.7040000000000001,0.0
0.496,0.0,0.0,0.0,0.0,0.0,0.496,0.0
0.46399999999999997,0.0,0.0,0.0,0.0,0.0,0.46399999999999997,0.0
0.512,0.0,0.0,0.0,0.0,0.0,0.512,0.0
0.568,0.0,0.0,0.0,0.0,0.0,0.568,0.0
0.608,0.0,0.0,0.0,0.0,0.0,0.608,0.0
0.6559999999999999,0.0,0.0,0.0,0.0,0.0,0.6559999999999999,0.0
0.6559999999999999,0.0,0.0,0.0,0.0,0.0,0.6559999999999999,0.0
0.6628697500270552,0.0,0.0,0.0,0.07313024997294479,0.0,0.736,0.00980300495049505
0.0898927046163483,0.0,0.0,0.0,0.48610729538365177,0.0,0.5760000000000001,0.0651619846080202
0.0,0.40118584165777915,0.0,0.0,0.96,0.0,0.96,0.18246500660467602
0.0,0.013195504935832325,0.0,0.0,1.584,0.0,1.584,0.214101762917356
0.0,0.4969634691268159,0.0,0.0,1.4080000000000001,0.0,1.4080000000000001,0.255357616379968
0.0,1.1344194040193307,0.0,0.0,0.8959999999999999,0.0,0.8959999999999999,0.27217480422323803
0.42664946798244463,0.0,0.0,0.0,0.9413505320175555,0.0,1.368,0.126186686479716
1.1600043925721366,0.0,0.0,0.0,0.2479956074278635,0.0,1.4080000000000001,0.033243454907043
1.296,0.0,0.0,0.0,0.0,0.0,1.296,0.0
2.2319999999999998,0.0,0.0,0.0,0.0,0.0,2.2319999999999998,0.0
1.568,0.0,0.0,0.0,0.0,0.0,1.568,0.0
1.344,0.0,0.0,0.0,0.0,0.0,1.344,0.0
1.44,0.0,0.0,0.0,0.0,0.0,1.44,0.0
1.3840000000000001,0.0,0.0,0.0,0.0,0.0,1.3840000000000001,0.0
1.016,0.0,0.0,0.0,0.0,0.0,1.016,0.0
0.568,0.0,0.0,0.0,0.0,0.0,0.568,0.0
0.72,0.0,0.0,0.0,0.0,0.0,0.72,0.0
0.488,0.0,0.0,0.0,0.0,0.0,0.488,0.0
0.41600000000000004,0.0,0.0,0.0,0.0,0.0,0.41600000000000004,0.0
0.392,0.0,0.0,0.0,0.0,0.0,0.392,0.0
0.456,0.0,0.0,0.0,0.0,0.0,0.456,0.0
0.43200000000000005,0.0,0.0,0.0,0.0,0.0,0.43200000000000005,0.0
0.584,0.0,0.0,0.0,0.0,0.0,0.584,0.0
0.7040000000000001,0.0,0.0,0.0,0.0,0.0,0.7040000000000001,0.0
0.5720998981791875,0.0,0.0,0.0,0.08390010182081238,0.0,0.6559999999999999,0.0112466881188119
0.4604700101281058,0.0,0.0,0.0,0.4995299898718942,0.0,0.96,0.0669612775212251
0.41413558042571086,0.0,0.0,0.0,0.7458644195742891,0.0,1.16,0.0999820539406047
0.0,0.014758007677016849,0.0,0.0,1.896,0.0,1.896,0.256134365948231
0.4603101063167505,0.0,0.0,0.0,1.1236898936832496,0.0,1.584,0.15062901596361902
0.0,0.40100762807278767,0.0,0.0,0.6559999999999999,0.0,0.6559999999999999,0.141690354053788
0.0,0.18787589955128858,0.0,0.0,0.5920000000000001,0.0,0.5920000000000001,0.10454124397088001
1.3633533982445232,0.0,0.0,0.0,0.220646601755477,0.0,1.584,0.0295773599860396
1.568,0.0,0.0,0.0,0.0,0.0,1.568,0.0
1.7519999999999998,0.0,0.0,0.0,0.0,0.0,1.7519999999999998,0.0
1.392,0.0,0.0,0.0,0.0,0.0,1.392,0.0
1.4480000000000002,0.0,0.0,0.0,0.0,0.0,1.4480000000000002,0.0
1.304,0.0,0.0,0.0,0.0,0.0,1.304,0.0
1.176,0.0,0.0,0.0,0.0,0.0,1.176,0.0
1.376,0.0,0.0,0.0,0.0,0.0,1.376,0.0
1.1520000000000001,0.0,0.0,0.0,0.0,0.0,1.1520000000000001,0.0
1.0,0.0,0.0,0.0,0.0,0.0,1.0,0.0
0.504,0.0,0.0,0.0,0.0,0.0,0.504,0.0
0.512,0.0,0.0,0.0,0.0,0.0,0.512,0.0
0.4,0.0,0.0,0.0,0.0,0.0,0.4,0.0
0.43200000000000005,0.0,0.0,0.0,0.0,0.0,0.43200000000000005,0.0
0.52,0.0,0.0,0.0,0.0,0.0,0.52,0.0
0.7040000000000001,0.0,0.0,0.0,0.0,0.0,0.7040000000000001,0.0
0.7440000000000001,0.0,0.0,0.0,0.0,0.0,0.7440000000000001,0.0
0.3267995371617873,0.0,0.0,0.0,0.33720046283821276,0.0,0.664,0.0452012376237624
0.0,0.09190680591629807,0.0,0.0,0.632,0.0,0.632,0.09703866737389699
0.0,0.2400758387039078,0.0,0.0,0.7120000000000001,0.0,0.7120000000000001,0.127624398433125
0.7718973852958224,0.0,0.0,0.0,1.0361026147041776,0.0,1.808,0.13888806704371398
0.6314956265576815,0.0,0.0,0.0,0.9765043734423186,0.0,1.608,0.13089900842095598
0.0,0.9575536449807703,0.0,0.0,0.7440000000000001,0.0,0.7440000000000001,0.228090821670245
0.023631817623558593,0.0,0.0,0.0,1.0163681823764414,0.0,1.04,0.136242694740521
0.466386420631395,0.0,0.0,0.0,0.325613579368605,0.0,0.792,0.0436480325402929
1.216,0.0,0.0,0.0,0.0,0.0,1.216,0.0
1.7280000000000002,0.0,0.0,0.0,0.0,0.0,1.7280000000000002,0.0
2.208,0.0,0.0,0.0,0.0,0.0,2.208,0.0
2.072,0.0,0.0,0.0,0.0,0.0,2.072,0.0
1.168,0.0,0.0,0.0,0.0,0.0,1.168,0.0
1.624,0.0,0.0,0.0,0.0,0.0,1.624,0.0
1.712,0.0,0.0,0.0,0.0,0.0,1.712,0.0
0.84,0.0,0.0,0.0,0.0,0.0,0.84,0.0
0.672,0.0,0.0,0.0,0.0,0.0,0.672,0.0
0.48,0.0,0.0,0.0,0.0,0.0,0.48,0.0
0.44,0.0,0.0,0.0,0.0,0.0,0.44,0.0
0.5760000000000001,0.0,0.0,0.0,0.0,0.0,0.5760000000000001,0.0
0.488,0.0,0.0,0.0,0.0,0.0,0.488,0.0
0.384,0.0,0.0,0.0,0.0,0.0,0.384,0.0
0.43200000000000005,0.0,0.0,0.0,0.0,0.0,0.43200000000000005,0.0
0.608,0.0,0.0,0.0,0.0,0.0,0.608,0.0
0.33224773158053866,0.0,0.0,0.0,0.2677522684194613,0.0,0.6,0.0358918069306931
0.9295661708287402,0.0,0.0,0.0,0.24643382917125972,0.0,1.176,0.0330341007753844
0.0,0.1033056960905464,0.0,0.0,0.5760000000000001,0.0,0.5760000000000001,0.0910599526753807
0.0,0.11999762601939923,0.0,0.0,0.904,0.0,0.904,0.13726541070045697
0.18633927641232262,0.0,0.0,0.0,1.1016607235876774,0.0,1.288,0.147676037359251
0.0,0.7846850106770642,0.0,0.0,0.968,0.0,0.968,0.23494490778689
0.0,0.40476625914064357,0.0,0.0,0.8959999999999999,0.0,0.8959999999999999,0.17436584836658098
0.45358132157773573,0.0,0.0,0.0,0.28241867842226426,0.0,0.736,0.0378578181219123
1.8880000000000001,0.0,0.0,0.0,0.0,0.0,1.8880000000000001,0.0
1.376,0.0,0.0,0.0,0.0,0.0,1.376,0.0
1.304,0.0,0.0,0.0,0.0,0.0,1.304,0.0
2.208,0.0,0.0,0.0,0.0,0.0,2.208,0.0
1.328,0.0,0.0,0.0,0.0,0.0,1.328,0.0
1.192,0.0,0.0,0.0,0.0,0.0,1.192,0.0
1.4880000000000002,0.0,0.0,0.0,0.0,0.0,1.4880000000000002,0.0
1.1440000000000001,0.0,0.0,0.0,0.0,0.0,1.1440000000000001,0.0
0.608,0.0,0.0,0.0,0.0,0.0,0.608,0.0
0.392,0.0,0.0,0.0,0.0,0.0,0.392,0.0
0.41600000000000004,0.0,0.0,0.0,0.0,0.0,0.41600000000000004,0.0
0.504,0.0,0.0,0.0,0.0,0.0,0.504,0.0
0.56,0.0,0.0,0.0,0.0,0.0,0.56,0.0
0.32799999999999996,0.0,0.0,0.0,0.0,0.0,0.32799999999999996,0.0
0.44,0.0,0.0,0.0,0.0,0.0,0.44,0.0
0.72,0.0,0.0,0.0,0.0,0.0,0.72,0.0
0.4665846482004664,0.0,0.0,0.0,0.14141535179953357,0.0,0.608,0.0189565247524752
1.0477980556532995,0.0,0.0,0.0,0.2642019443467004,0.0,1.3119999999999998,0.0354158910891089
0.535354844547272,0.0,0.0,0.0,0.728645155452728,0.0,1.264,0.0976738363221774
0.4592313501881621,0.0,0.0,0.0,0.9887686498118381,0.0,1.4480000000000002,0.132543017049521
0.0,0.39830151496730215,0.0,0.0,1.3119999999999998,0.0,1.3119999999999998,0.229263461074814
0.0,0.6660310772857687,0.0,0.0,0.8240000000000001,0.0,0.8240000000000001,0.199736525342492
0.0,0.9874938537743492,0.0,0.0,1.072,0.0,1.072,0.276072192444758
0.27012225862451666,0.0,0.0,0.0,1.0578777413754834,0.0,1.328,0.141806991492016
1.216,0.0,0.0,0.0,0.0,0.0,1.216,0.0
1.6480000000000001,0.0,0.0,0.0,0.0,0.0,1.6480000000000001,0.0
1.96,0.0,0.0,0.0,0.0,0.0,1.96,0.0
1.5519999999999998,0.0,0.0,0.0,0.0,0.0,1.5519999999999998,0.0
1.4240000000000002,0.0,0.0,0.0,0.0,0.0,1.4240000000000002,0.0
1.5759999999999998,0.0,0.0,0.0,0.0,0.0,1.5759999999999998,0.0
1.4880000000000002,0.0,0.0,0.0,0.0,0.0,1.4880000000000002,0.0
0.76,0.0,0.0,0.0,0.0,0.0,0.76,0.0
0.392,0.0,0.0,0.0,0.0,0.0,0.392,0.0
0.32,0.0,0.0,0.0,0.0,0.0,0.32,0.0
0.504,0.0,0.0,0.0,0.0,0.0,0.504,0.0
0.496,0.0,0.0,0.0,0.0,0.0,0.496,0.0
0.496,0.0,0.0,0.0,0.0,0.0,0.496,0.0
0.424,0.0,0.0,0.0,0.0,0.0,0.424,0.0
0.46399999999999997,0.0,0.0,0.0,0.0,0.0,0.46399999999999997,0.0
0.47200000000000003,0.0,0.0,0.0,0.0,0.0,0.47200000000000003,0.0
0.3326144445729633,0.0,0.0,0.0,0.34738555542703675,0.0,0.68,0.0465665346534653
0.0,0.7254662488246877,0.0,0.0,0.76,0.0,0.76,0.19912461664508302
0.0,1.3022004414202173,0.0,0.0,1.064,0.0,1.064,0.317185769906263
0.0,0.9982755971592516,0.0,0.0,1.5919999999999999,0.0,1.5919999999999999,0.34722272262836307
0.0,1.2370845207000094,0.0,0.0,1.4080000000000001,0.0,1.4080000000000001,0.354569780090906
0.0,1.0931366348454254,0.0,0.0,1.072,0.0,1.072,0.290233455481695
0.01913883068993183,0.0,0.0,0.0,0.9728611693100682,0.0,0.992,0.130410642140828
0.5233008196872935,0.0,0.0,0.0,0.31669918031270655,0.0,0.84,0.0424530701532097
1.008,0.0,0.0,0.0,0.0,0.0,1.008,0.0
1.7519999999999998,0.0,0.0,0.0,0.0,0.0,1.7519999999999998,0.0
1.1840000000000002,0.0,0.0,0.0,0.0,0.0,1.1840000000000002,0.0
2.7760000000000002,0.0,0.0,0.0,0.0,0.0,2.7760000000000002,0.0
2.984,0.0,0.0,0.0,0.0,0.0,2.984,0.0
2.128,0.0,0.0,0.0,0.0,0.0,2.128,0.0
1.192,0.0,0.0,0.0,0.0,0.0,1.192,0.0
0.8959999999999999,0.0,0.0,0.0,0.0,0.0,0.8959999999999999,0.0
1.016,0.0,0.0,0.0,0.0,0.0,1.016,0.0
0.616,0.0,0.0,0.0,0.0,0.0,0.616,0.0
0.6,0.0,0.0,0.0,0.0,0.0,0.6,0.0
0.6,0.0,0.0,0.0,0.0,0.0,0.6,0.0
0.504,0.0,0.0,0.0,0.0,0.0,0.504,0.0
0.44799999999999995,0.0,0.0,0.0,0.0,0.0,0.44799999999999995,0.0
0.344,0.0,0.0,0.0,0.0,0.0,0.344,0.0
0.536,0.0,0.0,0.0,0.0,0.0,0.536,0.0
1.1401637964338602,0.0,0.0,0.0,0.37183620356613956,0.0,1.5119999999999998,0.0498441089108911
0.0,0.6234562425068764,0.0,0.0,1.064,0.0,1.064,0.226201085120844
0.0,0.5755378519591647,0.0,0.0,1.92,0.0,1.92,0.334523263983838
0.0,1.46784890664948,0.0,0.0,1.624,0.0,1.624,0.41445790420900797
0.0,1.8025388112955398,0.0,0.0,1.4,0.0,1.4,0.42929572691051093
0.0,0.13971289419775523,0.0,0.0,2.736,0.0,2.736,0.38548518223925704
0.0,0.8188496731433046,0.0,0.0,1.168,0.0,1.168,0.266334344391261
0.30526351050928446,0.0,0.0,0.0,0.9107364894907155,0.0,1.216,0.12208291805890101
1.848,0.0,0.0,0.0,0.0,0.0,1.848,0.0
2.336,0.0,0.0,0.0,0.0,0.0,2.336,0.0
3.792,0.0,0.0,0.0,0.0,0.0,3.792,0.0
2.7680000000000002,0.0,0.0,0.0,0.0,0.0,2.7680000000000002,0.0
1.712,0.0,0.0,0.0,0.0,0.0,1.712,0.0
2.072,0.0,0.0,0.0,0.0,0.0,2.072,0.0
2.3680000000000003,0.0,0.0,0.0,0.0,0.0,2.3680000000000003,0.0
0.992,0.0,0.0,0.0,0.0,0.0,0.992,0.0
0.52,0.0,0.0,0.0,0.0,0.0,0.52,0.0
0.44799999999999995,0.0,0.0,0.0,0.0,0.0,0.44799999999999995,0.0
0.392,0.0,0.0,0.0,0.0,0.0,0.392,0.0
0.44,0.0,0.0,0.0,0.0,0.0,0.44,0.0
0.456,0.0,0.0,0.0,0.0,0.0,0.456,0.0
0.5760000000000001,0.0,0.0,0.0,0.0,0.0,0.5760000000000001,0.0
0.992,0.0,0.0,0.0,0.0,0.0,0.992,0.0
0.88,0.0,0.0,0.0,0.0,0.0,0.88,0.0
0.3319120371184603,0.0,0.0,0.0,0.22008796288153976,0.0,0.552,0.0295024752475248
0.42246674611243673,0.0,0.0,0.0,0.7455332538875632,0.0,1.168,0.0999376616560493
1.6414643791301202,0.0,0.0,0.0,0.7985356208698798,0.0,2.44,0.10704255280721901
0.0,0.29151148358097934,0.0,0.0,1.4,0.0,1.4,0.22674468436109804
0.0,1.7292051464470313,0.0,0.0,0.872,0.0,0.872,0.34868781300907997
0.0,1.2008919412527128,0.0,0.0,1.3840000000000001,0.0,1.3840000000000001,0.34650105128821196
0.21217244423153214,0.0,0.0,0.0,0.9878275557684678,0.0,1.2,0.132416864744976
0.2862628822117213,0.0,0.0,0.0,0.3537371177882787,0.0,0.64,0.0474179524633821
2.68,0.0,0.0,0.0,0.0,0.0,2.68,0.0
2.1519999999999997,0.0,0.0,0.0,0.0,0.0,2.1519999999999997,0.0
4.12,0.0,0.0,0.0,0.0,0.0,4.12,0.0
2.4,0.0,0.0,0.0,0.0,0.0,2.4,0.0
1.96,0.0,0.0,0.0,0.0,0.0,1.96,0.0
2.408,0.0,0.0,0.0,0.0,0.0,2.408,0.0
1.3359999999999999,0.0,0.0,0.0,0.0,0.0,1.3359999999999999,0.0
0.904,0.0,0.0,0.0,0.0,0.0,0.904,0.0
0.496,0.0,0.0,0.0,0.0,0.0,0.496,0.0
0.456,0.0,0.0,0.0,0.0,0.0,0.456,0.0
0.46399999999999997,0.0,0.0,0.0,0.0,0.0,0.46399999999999997,0.0
0.456,0.0,0.0,0.0,0.0,0.0,0.456,0.0
0.392,0.0,0.0,0.0,0.0,0.0,0.392,0.0
0.5920000000000001,0.0,0.0,0.0,0.0,0.0,0.5920000000000001,0.0
0.648,0.0,0.0,0.0,0.0,0.0,0.648,0.0
0.7440000000000001,0.0,0.0,0.0,0.0,0.0,0.7440000000000001,0.0
0.3927166481804393,0.0,0.0,0.0,0.08728335181956072,0.0,0.48,0.0117002079207921
0.26556492440497215,0.0,0.0,0.0,0.23043507559502782,0.0,0.496,0.030889490842182003
0.6798344628310473,0.0,0.0,0.0,0.35216553716895277,0.0,1.032,0.0472072843390826
2.0667730529115835,0.0,0.0,0.0,0.44522694708841637,0.0,2.512,0.05968203264745099
0.39360210988438954,0.0,0.0,0.0,0.43839789011561053,0.0,0.8320000000000001,0.0587666073708193
0.3038691761406951,0.0,0.0,0.0,0.38413082385930486,0.0,0.688,0.051492185098828996
0.43174138858610744,0.0,0.0,0.0,0.23225861141389256,0.0,0.664,0.0311339331990227
0.602773817531831,0.0,0.0,0.0,0.06122618246816901,0.0,0.664,0.00820728180277551
1.584,0.0,0.0,0.0,0.0,0.0,1.584,0.0
3.04,0.0,0.0,0.0,0.0,0.0,3.04,0.0
1.672,0.0,0.0,0.0,0.0,0.0,1.672,0.0
3.5839999999999996,0.0,0.0,0.0,0.0,0.0,3.5839999999999996,0.0
1.344,0.0,0.0,0.0,0.0,0.0,1.344,0.0
1.632,0.0,0.0,0.0,0.0,0.0,1.632,0.0
1.24,0.0,0.0,0.0,0.0,0.0,1.24,0.0
0.7759999999999999,0.0,0.0,0.0,0.0,0.0,0.7759999999999999,0.0
0.568,0.0,0.0,0.0,0.0,0.0,0.568,0.0
0.512,0.0,0.0,0.0,0.0,0.0,0.512,0.0
0.4,0.0,0.0,0.0,0.0,0.0,0.4,0.0
0.376,0.0,0.0,0.0,0.0,0.0,0.376,0.0
0.536,0.0,0.0,0.0,0.0,0.0,0.536,0.0
0.648,0.0,0.0,0.0,0.0,0.0,0.648,0.0
1.112,0.0,0.0,0.0,0.0,0.0,1.112,0.0
0.904,0.0,0.0,0.0,0.0,0.0,0.904,0.0
0.4875594259645647,0.0,0.0,0.0,0.1044405740354354,0.0,0.5920000000000001,0.0140001089108911
0.321668943257197,0.0,0.0,0.0,0.27833105674280295,0.0,0.6,0.0373098783080277
0.26058930579723016,0.0,0.0,0.0,0.4434106942027699,0.0,0.7040000000000001,0.0594385665573456
1.2089013184862656,0.0,0.0,0.0,0.40709868151373424,0.0,1.6159999999999999,0.0545709934219502
1.0655307748285427,0.0,0.0,0.0,0.47846922517145724,0.0,1.544,0.0641381122688709
0.42601462719086064,0.0,0.0,0.0,0.42998537280913934,0.0,0.856,0.0576389215112472
0.9350437101734084,0.0,0.0,0.0,0.27295628982659154,0.0,1.208,0.0365893985242601
0.6272128334197602,0.0,0.0,0.0,0.07678716658023983,0.0,0.7040000000000001,0.0102932093682035
1.472,0.0,0.0,0.0,0.0,0.0,1.472,0.0
2.72,0.0,0.0,0.0,0.0,0.0,2.72,0.0
3.952,0.0,0.0,0.0,0.0,0.0,3.952,0.0
3.424,0.0,0.0,0.0,0.0,0.0,3.424,0.0
1.864,0.0,0.0,0.0,0.0,0.0,1.864,0.0
3.032,0.0,0.0,0.0,0.0,0.0,3.032,0.0
1.256,0.0,0.0,0.0,0.0,0.0,1.256,0.0
1.0,0.0,0.0,0.0,0.0,0.0,1.0,0.0
0.568,0.0,0.0,0.0,0.0,0.0,0.568,0.0
0.496,0.0,0.0,0.0,0.0,0.0,0.496,0.0
0.424,0.0,0.0,0.0,0.0,0.0,0.424,0.0
0.536,0.0,0.0,0.0,0.0,0.0,0.536,0.0
0.544,0.0,0.0,0.0,0.0,0.0,0.544,0.0
0.488,0.0,0.0,0.0,0.0,0.0,0.488,0.0
0.7120000000000001,0.0,0.0,0.0,0.0,0.0,0.7120000000000001,0.0
0.9279999999999999,0.0,0.0,0.0,0.0,0.0,0.9279999999999999,0.0
0.4788531296626103,0.0,0.0,0.0,0.08914687033738967,0.0,0.568,0.0119500099009901
0.26607405163912984,0.0,0.0,0.0,0.22992594836087016,0.0,0.496,0.0308212430678516
0.505037941447045,0.0,0.0,0.0,0.33496205855295497,0.0,0.84,0.0449011827449987
1.1785778353049814,0.0,0.0,0.0,0.4134221646950184,0.0,1.5919999999999999,0.05541864725813201
0.4328127446242303,0.0,0.0,0.0,0.39118725537576976,0.0,0.8240000000000001,0.0524380896063936
0.534933289182523,0.0,0.0,0.0,0.2730667108174769,0.0,0.8079999999999999,0.0366042002994583
0.6273978534575025,0.0,0.0,0.0,0.1566021465424975,0.0,0.784,0.0209922927705321
0.7875865108300789,0.0,0.0,0.0,0.05241348916992104,0.0,0.84,0.00702595292639562
2.056,0.0,0.0,0.0,0.0,0.0,2.056,0.0
3.136,0.0,0.0,0.0,0.0,0.0,3.136,0.0
1.992,0.0,0.0,0.0,0.0,0.0,1.992,0.0
1.672,0.0,0.0,0.0,0.0,0.0,1.672,0.0
1.28,0.0,0.0,0.0,0.0,0.0,1.28,0.0
1.952,0.0,0.0,0.0,0.0,0.0,1.952,0.0
1.712,0.0,0.0,0.0,0.0,0.0,1.712,0.0
0.696,0.0,0.0,0.0,0.0,0.0,0.696,0.0
0.632,0.0,0.0,0.0,0.0,0.0,0.632,0.0
0.41600000000000004,0.0,0.0,0.0,0.0,0.0,0.41600000000000004,0.0
0.5920000000000001,0.0,0.0,0.0,0.0,0.0,0.5920000000000001,0.0
0.456,0.0,0.0,0.0,0.0,0.0,0.456,0.0
0.4,0.0,0.0,0.0,0.0,0.0,0.4,0.0
0.504,0.0,0.0,0.0,0.0,0.0,0.504,0.0
0.7759999999999999,0.0,0.0,0.0,0.0,0.0,0.7759999999999999,0.0
1.024,0.0,0.0,0.0,0.0,0.0,1.024,0.0
0.5231935648491494,0.0,0.0,0.0,0.09280643515085064,0.0,0.616,0.0124405693069307
0.5349169896023145,0.0,0.0,0.0,0.5690830103976856,0.0,1.104,0.0762847600033507
0.5971284054011788,0.0,0.0,0.0,0.9228715945988212,0.0,1.52,0.12370961146544
0.0,1.1659325172111856,0.0,0.0,0.728,0.0,0.728,0.25387893312266196
0.0,1.4128298208141727,0.0,0.0,0.456,0.0,0.456,0.25051395273299104
0.0,1.6238341375596494,0.0,0.0,0.5760000000000001,0.0,0.5760000000000001,0.29488460587436
0.0,1.125440826580042,0.0,0.0,0.648,0.0,0.648,0.237727195091032
0.0,0.17665733866945899,0.0,0.0,1.048,0.0,1.048,0.164163556914933
1.016,0.0,0.0,0.0,0.0,0.0,1.016,0.0
1.568,0.0,0.0,0.0,0.0,0.0,1.568,0.0
3.648,0.0,0.0,0.0,0.0,0.0,3.648,0.0
1.952,0.0,0.0,0.0,0.0,0.0,1.952,0.0
1.232,0.0,0.0,0.0,0.0,0.0,1.232,0.0
2.024,0.0,0.0,0.0,0.0,0.0,2.024,0.0
2.432,0.0,0.0,0.0,0.0,0.0,2.432,0.0
1.264,0.0,0.0,0.0,0.0,0.0,1.264,0.0
0.8320000000000001,0.0,0.0,0.0,0.0,0.0,0.8320000000000001,0.0
0.512,0.0,0.0,0.0,0.0,0.0,0.512,0.0
0.536,0.0,0.0,0.0,0.0,0.0,0.536,0.0
0.44799999999999995,0.0,0.0,0.0,0.0,0.0,0.44799999999999995,0.0
0.48,0.0,0.0,0.0,0.0,0.0,0.48,0.0
0.568,0.0,0.0,0.0,0.0,0.0,0.568,0.0
1.288,0.0,0.0,0.0,0.0,0.0,1.288,0.0
0.7040000000000001,0.0,0.0,0.0,0.0,0.0,0.7040000000000001,0.0
0.9484929907597962,0.0,0.0,0.0,0.0515070092402038,0.0,1.0,0.006904440594059411
0.2648766554634937,0.0,0.0,0.0,0.43912334453650637,0.0,0.7040000000000001,0.0588638534937579
0.0,0.3922440354458605,0.0,0.0,0.8320000000000001,0.0,0.8320000000000001,0.164108154211558
0.0,0.28564376208472564,0.0,0.0,0.6559999999999999,0.0,0.6559999999999999,0.12622599354896802
0.9894851346615503,0.0,0.0,0.0,0.8905148653384496,0.0,1.88,0.11937223839152601
0.0,0.8406276872756353,0.0,0.0,1.056,0.0,1.056,0.25424021679794
0.004215915727045827,0.0,0.0,0.0,1.8837840842729543,0.0,1.8880000000000001,0.25251855026645603
0.0,0.16270169743528262,0.0,0.0,1.048,0.0,1.048,0.162292823256063
1.2336906077957954,0.0,0.0,0.0,0.014309392204204564,0.0,1.248,0.00191815346820623
5.792000000000001,0.0,0.0,0.0,0.0,0.0,5.792000000000001,0.0
2.736,0.0,0.0,0.0,0.0,0.0,2.736,0.0
2.424,0.0,0.0,0.0,0.0,0.0,2.424,0.0
1.8,0.0,0.0,0.0,0.0,0.0,1.8,0.0
1.624,0.0,0.0,0.0,0.0,0.0,1.624,0.0
1.264,0.0,0.0,0.0,0.0,0.0,1.264,0.0
1.04,0.0,0.0,0.0,0.0,0.0,1.04,0.0
0.56,0.0,0.0,0.0,0.0,0.0,0.56,0.0
0.6559999999999999,0.0,0.0,0.0,0.0,0.0,0.6559999999999999,0.0
0.536,0.0,0.0,0.0,0.0,0.0,0.536,0.0
0.5760000000000001,0.0,0.0,0.0,0.0,0.0,0.5760000000000001,0.0
0.504,0.0,0.0,0.0,0.0,0.0,0.504,0.0
0.648,0.0,0.0,0.0,0.0,0.0,0.648,0.0
0.536,0.0,0.0,0.0,0.0,0.0,0.536,0.0
0.552,0.0,0.0,0.0,0.0,0.0,0.552,0.0
0.8205541017611743,0.0,0.0,0.0,0.3074458982388256,0.0,1.128,0.0412126809844028
0.4750655557556789,0.0,0.0,0.0,0.5409344442443211,0.0,1.016,0.0725114851485149
0.733018281575985,0.0,0.0,0.0,0.570981718424015,0.0,1.304,0.0765392790866102
0.7797824909541007,0.0,0.0,0.0,0.7642175090458994,0.0,1.544,0.10244225921836099
0.0,0.4877392468581301,0.0,0.0,0.96,0.0,0.96,0.19406736622979898
0.0,0.6044673885877598,0.0,0.0,1.072,0.0,1.072,0.224728045039493
0.0,0.8051840417284737,0.0,0.0,1.392,0.0,1.392,0.294529364335299
0.08785824652173368,0.0,0.0,0.0,1.4801417534782664,0.0,1.568,0.198410875693026
1.315671282402664,0.0,0.0,0.0,0.12432871759733605,0.0,1.44,0.0166660859842034
2.72,0.0,0.0,0.0,0.0,0.0,2.72,0.0
3.824,0.0,0.0,0.0,0.0,0.0,3.824,0.0
2.088,0.0,0.0,0.0,0.0,0.0,2.088,0.0
2.512,0.0,0.0,0.0,0.0,0.0,2.512,0.0
3.32,0.0,0.0,0.0,0.0,0.0,3.32,0.0
2.2319999999999998,0.0,0.0,0.0,0.0,0.0,2.2319999999999998,0.0
0.856,0.0,0.0,0.0,0.0,0.0,0.856,0.0
0.6,0.0,0.0,0.0,0.0,0.0,0.6,0.0
0.648,0.0,0.0,0.0,0.0,0.0,0.648,0.0
0.376,0.0,0.0,0.0,0.0,0.0,0.376,0.0
0.456,0.0,0.0,0.0,0.0,0.0,0.456,0.0
0.44799999999999995,0.0,0.0,0.0,0.0,0.0,0.44799999999999995,0.0
0.648,0.0,0.0,0.0,0.0,0.0,0.648,0.0
1.52,0.0,0.0,0.0,0.0,0.0,1.52,0.0
1.28,0.0,0.0,0.0,0.0,0.0,1.28,0.0
0.5236281852785523,0.0,0.0,0.0,0.2523718147214476,0.0,0.7759999999999999,0.0338300792079208
0.0,0.04259148165521104,0.0,0.0,0.44,0.0,0.44,0.0646906948285148
0.0,0.5068555184842592,0.0,0.0,0.384,0.0,0.384,0.119417902456342
0.0,0.07696620259867393,0.0,0.0,1.168,0.0,1.168,0.16688593094908
0.6943462866479311,0.0,0.0,0.0,0.9376537133520688,0.0,1.632,0.12569113324842998
0.813921827252224,0.0,0.0,0.0,0.402078172747776,0.0,1.216,0.0538980014342994
0.6293244136837179,0.0,0.0,0.0,0.2826755863162821,0.0,0.912,0.0378922562560334
0.9174295395084632,0.0,0.0,0.0,0.010570460491536787,0.0,0.9279999999999999,0.00141695504344486
1.72,0.0,0.0,0.0,0.0,0.0,1.72,0.0
2.496,0.0,0.0,0.0,0.0,0.0,2.496,0.0
4.92,0.0,0.0,0.0,0.0,0.0,4.92,0.0
2.8560000000000003,0.0,0.0,0.0,0.0,0.0,2.8560000000000003,0.0
1.944,0.0,0.0,0.0,0.0,0.0,1.944,0.0
1.656,0.0,0.0,0.0,0.0,0.0,1.656,0.0
1.528,0.0,0.0,0.0,0.0,0.0,1.528,0.0
1.04,0.0,0.0,0.0,0.0,0.0,1.04,0.0
0.72,0.0,0.0,0.0,0.0,0.0,0.72,0.0
0.44799999999999995,0.0,0.0,0.0,0.0,0.0,0.44799999999999995,0.0
0.496,0.0,0.0,0.0,0.0,0.0,0.496,0.0
0.496,0.0,0.0,0.0,0.0,0.0,0.496,0.0
0.696,0.0,0.0,0.0,0.0,0.0,0.696,0.0
0.648,0.0,0.0,0.0,0.0,0.0,0.648,0.0
1.024,0.0,0.0,0.0,0.0,0.0,1.024,0.0
1.288,0.0,0.0,0.0,0.0,0.0,1.288,0.0
0.2582276112020365,0.0,0.0,0.0,0.24577238879796345,0.0,0.504,0.0329454356435644
0.0,0.13281096971251305,0.0,0.0,0.536,0.0,0.536,0.0896531496810519
0.0,0.27893068478487704,0.0,0.0,0.6,0.0,0.6,0.11781939563006802
0.3332401214134584,0.0,0.0,0.0,1.1547598785865418,0.0,1.4880000000000002,0.15479390280499403
0.0,0.2376097406808173,0.0,0.0,1.056,0.0,1.056,0.173406527348043
0.0,0.2571233429037436,0.0,0.0,1.064,0.0,1.064,0.17709468620018803
0.0,0.1298696087872433,0.0,0.0,0.8640000000000001,0.0,0.8640000000000001,0.13322679327217402
0.30908755948286737,0.0,0.0,0.0,0.5469124405171326,0.0,0.856,0.0733128269609399
0.9136429426632668,0.0,0.0,0.0,0.006357057336733155,0.0,0.92,0.000852154403487356
2.424,0.0,0.0,0.0,0.0,0.0,2.424,0.0
4.5280000000000005,0.0,0.0,0.0,0.0,0.0,4.5280000000000005,0.0
1.6159999999999999,0.0,0.0,0.0,0.0,0.0,1.6159999999999999,0.0
2.096,0.0,0.0,0.0,0.0,0.0,2.096,0.0
1.36,0.0,0.0,0.0,0.0,0.0,1.36,0.0
0.88,0.0,0.0,0.0,0.0,0.0,0.88,0.0
0.784,0.0,0.0,0.0,0.0,0.0,0.784,0.0
0.616,0.0,0.0,0.0,0.0,0.0,0.616,0.0
0.43200000000000005,0.0,0.0,0.0,0.0,0.0,0.43200000000000005,0.0
0.44,0.0,0.0,0.0,0.0,0.0,0.44,0.0
0.6559999999999999,0.0,0.0,0.0,0.0,0.0,0.6559999999999999,0.0
0.616,0.0,0.0,0.0,0.0,0.0,0.616,0.0
0.528,0.0,0.0,0.0,0.0,0.0,0.528,0.0
0.8,0.0,0.0,0.0,0.0,0.0,0.8,0.0
1.3365559731568215,0.0,0.0,0.0,0.02344402684317851,0.0,1.36,0.00314263811881188
0.2187489816314076,0.0,0.0,0.0,0.4052510183685924,0.0,0.624,0.0543233168316832
0.027034364630801222,0.0,0.0,0.0,0.5409656353691987,0.0,0.568,0.0725156662739958
0.9744748130214388,0.0,0.0,0.0,0.817525186978561,0.0,1.7919999999999998,0.109588076863817
0.24041608223700228,0.0,0.0,0.0,0.9515839177629977,0.0,1.192,0.127558457137686
0.3475903796697235,0.0,0.0,0.0,1.1244096203302765,0.0,1.472,0.15072549428669899
0.47605970447009627,0.0,0.0,0.0,0.8759402955299036,0.0,1.3519999999999999,0.11741853824641
0.20748372332291204,0.0,0.0,0.0,0.49651627667708803,0.0,0.7040000000000001,0.0665572935969395
0.6761766209982288,0.0,0.0,0.0,0.17982337900177114,0.0,0.856,0.0241050656222463
0.736,0.0,0.0,0.0,0.0,0.0,0.736,0.0
1.528,0.0,0.0,0.0,0.0,0.0,1.528,0.0
4.352,0.0,0.0,0.0,0.0,0.0,4.352,0.0
1.68,0.0,0.0,0.0,0.0,0.0,1.68,0.0
1.4,0.0,0.0,0.0,0.0,0.0,1.4,0.0
1.7519999999999998,0.0,0.0,0.0,0.0,0.0,1.7519999999999998,0.0
1.104,0.0,0.0,0.0,0.0,0.0,1.104,0.0
0.7040000000000001,0.0,0.0,0.0,0.0,0.0,0.7040000000000001,0.0
0.5920000000000001,0.0,0.0,0.0,0.0,0.0,0.5920000000000001,0.0
0.568,0.0,0.0,0.0,0.0,0.0,0.568,0.0
0.35200000000000004,0.0,0.0,0.0,0.0,0.0,0.35200000000000004,0.0
0.456,0.0,0.0,0.0,0.0,0.0,0.456,0.0
0.552,0.0,0.0,0.0,0.0,0.0,0.552,0.0
0.664,0.0,0.0,0.0,0.0,0.0,0.664,0.0
1.088,0.0,0.0,0.0,0.0,0.0,1.088,0.0
1.136,0.0,0.0,0.0,0.0,0.0,1.136,0.0
0.8523931111331633,0.0,0.0,0.0,0.05960688886683678,0.0,0.912,0.00799021782178218
0.0,0.01966584848816394,0.0,0.0,0.424,0.0,0.424,0.0594727696227499
0.0,0.3281616444494483,0.0,0.0,0.4,0.0,0.4,0.0976090223667961
0.0,0.27684087319573547,0.0,0.0,0.688,0.0,0.688,0.1293355329686
0.0,0.40515722073277005,0.0,0.0,0.552,0.0,0.552,0.128305550394218
0.0,0.4098655395334281,0.0,0.0,0.568,0.0,0.568,0.13108147078002802
0.0,0.03851407773748561,0.0,0.0,0.584,0.0,0.584,0.0834471178215733
0.5681099511204216,0.0,0.0,0.0,0.21589004887957838,0.0,0.784,0.0289397509062542
0.848,0.0,0.0,0.0,0.0,0.0,0.848,0.0
1.04,0.0,0.0,0.0,0.0,0.0,1.04,0.0
2.9760000000000004,0.0,0.0,0.0,0.0,0.0,2.9760000000000004,0.0
1.92,0.0,0.0,0.0,0.0,0.0,1.92,0.0
1.8559999999999999,0.0,0.0,0.0,0.0,0.0,1.8559999999999999,0.0
1.4480000000000002,0.0,0.0,0.0,0.0,0.0,1.4480000000000002,0.0
1.104,0.0,0.0,0.0,0.0,0.0,1.104,0.0
0.664,0.0,0.0,0.0,0.0,0.0,0.664,0.0
0.47200000000000003,0.0,0.0,0.0,0.0,0.0,0.47200000000000003,0.0
0.47200000000000003,0.0,0.0,0.0,0.0,0.0,0.47200000000000003,0.0
0.48,0.0,0.0,0.0,0.0,0.0,0.48,0.0
0.672,0.0,0.0,0.0,0.0,0.0,0.672,0.0
0.624,0.0,0.0,0.0,0.0,0.0,0.624,0.0
0.624,0.0,0.0,0.0,0.0,0.0,0.624,0.0
1.104,0.0,0.0,0.0,0.0,0.0,1.104,0.0
1.04,0.0,0.0,0.0,0.0,0.0,1.04,0.0
0.55765899734562,0.0,0.0,0.0,0.07434100265438008,0.0,0.632,0.00996530460808307
0.7346820150003748,0.0,0.0,0.0,1.2493179849996252,0.0,1.984,0.16746928112818898
0.8200588062010241,0.0,0.0,0.0,1.859941193798976,0.0,2.68,0.24932244505094
0.0,1.1082300614474934,0.0,0.0,1.192,0.0,1.192,0.30834253524348104
0.0,0.6907804519694689,0.0,0.0,1.632,0.0,1.632,0.311365382697227
0.0,1.4551808301117388,0.0,0.0,0.624,0.0,0.624,0.27871120334062
0.0,0.7200329684490161,0.0,0.0,0.72,0.0,0.72,0.19303435067984
0.15414857612692978,0.0,0.0,0.0,0.8058514238730702,0.0,0.96,0.108023225689968
1.4568258197973285,0.0,0.0,0.0,0.007174180202671445,0.0,1.464,0.0009616885497936961
2.0,0.0,0.0,0.0,0.0,0.0,2.0,0.0
3.6719999999999997,0.0,0.0,0.0,0.0,0.0,3.6719999999999997,0.0
1.656,0.0,0.0,0.0,0.0,0.0,1.656,0.0
1.656,0.0,0.0,0.0,0.0,0.0,1.656,0.0
2.12,0.0,0.0,0.0,0.0,0.0,2.12,0.0
1.224,0.0,0.0,0.0,0.0,0.0,1.224,0.0
0.752,0.0,0.0,0.0,0.0,0.0,0.752,0.0
0.5920000000000001,0.0,0.0,0.0,0.0,0.0,0.5920000000000001,0.0
0.616,0.0,0.0,0.0,0.0,0.0,0.616,0.0
0.8079999999999999,0.0,0.0,0.0,0.0,0.0,0.8079999999999999,0.0
0.504,0.0,0.0,0.0,0.0,0.0,0.504,0.0
0.456,0.0,0.0,0.0,0.0,0.0,0.456,0.0
0.536,0.0,0.0,0.0,0.0,0.0,0.536,0.0
1.136,0.0,0.0,0.0,0.0,0.0,1.136,0.0
0.616,0.0,0.0,0.0,0.0,0.0,0.616,0.0
0.5102664312193673,0.0,0.0,0.0,0.3777335687806327,0.0,0.888,0.0506346422457825
0.0,0.8542942051944664,0.0,0.0,0.784,0.0,0.784,0.21961098464493597
0.0,1.2579297813165284,0.0,0.0,0.8240000000000001,0.0,0.8240000000000001,0.27907969630049895
0.0,0.6026559278242629,0.0,0.0,1.656,0.0,1.656,0.302769582356381
0.0,1.9634672996141216,0.0,0.0,0.616,0.0,0.616,0.345773885869559
0.0,0.8131615008054557,0.0,0.0,0.632,0.0,0.632,0.19372182307460897
0.0,0.1583274875451255,0.0,0.0,0.728,0.0,0.728,0.11881092641388699
0.6334993191604676,0.0,0.0,0.0,0.3745006808395324,0.0,1.008,0.050201278261621
1.208,0.0,0.0,0.0,0.0,0.0,1.208,0.0
2.04,0.0,0.0,0.0,0.0,0.0,2.04,0.0
3.8480000000000003,0.0,0.0,0.0,0.0,0.0,3.8480000000000003,0.0
3.8480000000000003,0.0,0.0,0.0,0.0,0.0,3.8480000000000003,0.0
1.7519999999999998,0.0,0.0,0.0,0.0,0.0,1.7519999999999998,0.0
1.68,0.0,0.0,0.0,0.0,0.0,1.68,0.0
1.504,0.0,0.0,0.0,0.0,0.0,1.504,0.0
0.728,0.0,0.0,0.0,0.0,0.0,0.728,0.0
0.568,0.0,0.0,0.0,0.0,0.0,0.568,0.0
0.48,0.0,0.0,0.0,0.0,0.0,0.48,0.0
0.64,0.0,0.0,0.0,0.0,0.0,0.64,0.0
0.624,0.0,0.0,0.0,0.0,0.0,0.624,0.0
0.504,0.0,0.0,0.0,0.0,0.0,0.504,0.0
0.456,0.0,0.0,0.0,0.0,0.0,0.456,0.0
0.544,0.0,0.0,0.0,0.0,0.0,0.544,0.0
0.688,0.0,0.0,0.0,0.0,0.0,0.688,0.0
0.8862582344907994,0.0,0.0,0.0,0.09774176550920069,0.0,0.9840000000000001,0.0131021432514083
0.0,0.368972674265039,0.0,0.0,1.3119999999999998,0.0,1.3119999999999998,0.22533197211227202
0.6513789679109037,0.0,0.0,0.0,1.5086210320890965,0.0,2.16,0.202228482077686
1.2971155418925386,0.0,0.0,0.0,2.1428844581074613,0.0,3.44,0.287250583157284
0.0,0.40828873409119293,0.0,0.0,1.8559999999999999,0.0,1.8559999999999999,0.30352465194441497
0.0,0.4339939499351031,0.0,0.0,2.128,0.0,2.128,0.34343160844717197
0.48187150921168675,0.0,0.0,0.0,1.8461284907883135,0.0,2.3280000000000003,0.24747087205558804
0.4813691316317419,0.0,0.0,0.0,1.2786308683682581,0.0,1.76,0.171398631033082
2.3925921076430168,0.0,0.0,0.0,0.015407892356982962,0.0,2.408,0.00206540583558895
1.8559999999999999,0.0,0.0,0.0,0.0,0.0,1.8559999999999999,0.0
3.2239999999999998,0.0,0.0,0.0,0.0,0.0,3.2239999999999998,0.0
1.8880000000000001,0.0,0.0,0.0,0.0,0.0,1.8880000000000001,0.0
1.8159999999999998,0.0,0.0,0.0,0.0,0.0,1.8159999999999998,0.0
1.376,0.0,0.0,0.0,0.0,0.0,1.376,0.0
1.04,0.0,0.0,0.0,0.0,0.0,1.04,0.0
1.0959999999999999,0.0,0.0,0.0,0.0,0.0,1.0959999999999999,0.0
0.84,0.0,0.0,0.0,0.0,0.0,0.84,0.0
0.616,0.0,0.0,0.0,0.0,0.0,0.616,0.0
0.48,0.0,0.0,0.0,0.0,0.0,0.48,0.0
0.47200000000000003,0.0,0.0,0.0,0.0,0.0,0.47200000000000003,0.0
0.46399999999999997,0.0,0.0,0.0,0.0,0.0,0.46399999999999997,0.0
0.43200000000000005,0.0,0.0,0.0,0.0,0.0,0.43200000000000005,0.0
0.8320000000000001,0.0,0.0,0.0,0.0,0.0,0.8320000000000001,0.0
0.9533052796409855,0.0,0.0,0.0,0.030694720359014563,0.0,0.9840000000000001,0.00411458316831683
1.155682685314048,0.0,0.0,0.0,0.34831731468595195,0.0,1.504,0.0466914356435644
1.0319623012334638,0.0,0.0,0.0,0.7280376987665362,0.0,1.76,0.0975924076260612
0.0,0.29992537993963253,0.0,0.0,0.7120000000000001,0.0,0.7120000000000001,0.135647143456364
0.0,0.3675956737196068,0.0,0.0,0.7440000000000001,0.0,0.7440000000000001,0.14900780315196
0.0,0.5317487914681109,0.0,0.0,0.52,0.0,0.52,0.140985414561737
0.0,0.4627640987750966,0.0,0.0,0.44799999999999995,0.0,0.44799999999999995,0.122086619043809
0.0,0.1084188640701485,0.0,0.0,0.47200000000000003,0.0,0.47200000000000003,0.0778043149031405
0.19364449272317444,0.0,0.0,0.0,0.2223555072768256,0.0,0.41600000000000004,0.0298064363161753
0.856,0.0,0.0,0.0,0.0,0.0,0.856,0.0
3.2319999999999998,0.0,0.0,0.0,0.0,0.0,3.2319999999999998,0.0
5.064,0.0,0.0,0.0,0.0,0.0,5.064,0.0
2.352,0.0,0.0,0.0,0.0,0.0,2.352,0.0
1.6880000000000002,0.0,0.0,0.0,0.0,0.0,1.6880000000000002,0.0
1.6,0.0,0.0,0.0,0.0,0.0,1.6,0.0
0.9279999999999999,0.0,0.0,0.0,0.0,0.0,0.9279999999999999,0.0
0.728,0.0,0.0,0.0,0.0,0.0,0.728,0.0
0.46399999999999997,0.0,0.0,0.0,0.0,0.0,0.46399999999999997,0.0
0.512,0.0,0.0,0.0,0.0,0.0,0.512,0.0
0.48,0.0,0.0,0.0,0.0,0.0,0.48,0.0
0.544,0.0,0.0,0.0,0.0,0.0,0.544,0.0
0.43200000000000005,0.0,0.0,0.0,0.0,0.0,0.43200000000000005,0.0
0.496,0.0,0.0,0.0,0.0,0.0,0.496,0.0
1.3359999999999999,0.0,0.0,0.0,0.0,0.0,1.3359999999999999,0.0
0.7759999999999999,0.0,0.0,0.0,0.0,0.0,0.7759999999999999,0.0
0.1624145212198124,0.0,0.0,0.0,0.24558547878018758,0.0,0.408,0.0329203806241951
0.0,0.5818766626195448,0.0,0.0,0.5920000000000001,0.0,0.5920000000000001,0.15735648024158702
0.0,1.0296237363337468,0.0,0.0,0.632,0.0,0.632,0.222738274779124
0.0,1.059936383387618,0.0,0.0,0.9840000000000001,0.0,0.9840000000000001,0.273986735889164
0.0,1.8326137233721713,0.0,0.0,0.41600000000000004,0.0,0.41600000000000004,0.301423439276135
0.0,2.351917457259379,0.0,0.0,0.608,0.0,0.608,0.3967726829500129
0.0,1.2325316632276715,0.0,0.0,1.16,0.0,1.16,0.320715432362313
0.0,0.7801641663080247,0.0,0.0,0.616,0.0,0.616,0.187153800774438
1.2107479525520635,0.0,0.0,0.0,0.16525204744793648,0.0,1.376,0.0221517995605223
2.12,0.0,0.0,0.0,0.0,0.0,2.12,0.0
3.7760000000000002,0.0,0.0,0.0,0.0,0.0,3.7760000000000002,0.0
1.8719999999999999,0.0,0.0,0.0,0.0,0.0,1.8719999999999999,0.0
1.608,0.0,0.0,0.0,0.0,0.0,1.608,0.0
1.4240000000000002,0.0,0.0,0.0,0.0,0.0,1.4240000000000002,0.0
0.888,0.0,0.0,0.0,0.0,0.0,0.888,0.0
0.688,0.0,0.0,0.0,0.0,0.0,0.688,0.0
0.52,0.0,0.0,0.0,0.0,0.0,0.52,0.0
0.552,0.0,0.0,0.0,0.0,0.0,0.552,0.0
0.6,0.0,0.0,0.0,0.0,0.0,0.6,0.0
0.608,0.0,0.0,0.0,0.0,0.0,0.608,0.0
0.488,0.0,0.0,0.0,0.0,0.0,0.488,0.0
0.544,0.0,0.0,0.0,0.0,0.0,0.544,0.0
1.024,0.0,0.0,0.0,0.0,0.0,1.024,0.0
0.8391471759410398,0.0,0.0,0.0,0.040852824058960166,0.0,0.88,0.00547626237623762
0.08708620385498489,0.0,0.0,0.0,0.4089137961450151,0.0,0.496,0.0548143069306931
0.0,0.054435989388910255,0.0,0.0,0.624,0.0,0.624,0.0909433697414406
0.0,0.4247330201867242,0.0,0.0,0.608,0.0,0.608,0.138436377739384
0.0,0.3901957643830396,0.0,0.0,0.8240000000000001,0.0,0.8240000000000001,0.162761197910859
0.0,0.4315992320076739,0.0,0.0,0.7759999999999999,0.0,0.7759999999999999,0.161876942222471
0.0,1.3786500092836897,0.0,0.0,1.0,0.0,1.0,0.318854616593404
0.0,1.2949016382120728,0.0,0.0,0.7440000000000001,0.0,0.7440000000000001,0.27331183553126
0.0,0.4166815565549351,0.0,0.0,0.784,0.0,0.784,0.16094963776591298
0.8480220970164736,0.0,0.0,0.0,0.15997790298352643,0.0,1.008,0.0214448080718652
3.8080000000000003,0.0,0.0,0.0,0.0,0.0,3.8080000000000003,0.0
3.528,0.0,0.0,0.0,0.0,0.0,3.528,0.0
2.3280000000000003,0.0,0.0,0.0,0.0,0.0,2.3280000000000003,0.0
1.7280000000000002,0.0,0.0,0.0,0.0,0.0,1.7280000000000002,0.0
1.52,0.0,0.0,0.0,0.0,0.0,1.52,0.0
0.992,0.0,0.0,0.0,0.0,0.0,0.992,0.0
0.6,0.0,0.0,0.0,0.0,0.0,0.6,0.0
0.368,0.0,0.0,0.0,0.0,0.0,0.368,0.0
0.512,0.0,0.0,0.0,0.0,0.0,0.512,0.0
0.488,0.0,0.0,0.0,0.0,0.0,0.488,0.0
0.536,0.0,0.0,0.0,0.0,0.0,0.536,0.0
0.384,0.0,0.0,0.0,0.0,0.0,0.384,0.0
0.48,0.0,0.0,0.0,0.0,0.0,0.48,0.0
0.632,0.0,0.0,0.0,0.0,0.0,0.632,0.0
1.0150928333455078,0.0,0.0,0.0,0.03290716665449232,0.0,1.048,0.00441115841584158
0.3437612870815202,0.0,0.0,0.0,0.12023871291847978,0.0,0.46399999999999997,0.0161178267326733
0.47925136841684024,0.0,0.0,0.0,0.12874863158315972,0.0,0.608,0.0172585691043872
0.20791974242043765,0.0,0.0,0.0,0.8400802575795624,0.0,1.048,0.11261155167543302
0.08005414296854063,0.0,0.0,0.0,0.7839458570314595,0.0,0.8640000000000001,0.10508681592422599
0.0,0.5582691733963302,0.0,0.0,0.44,0.0,0.44,0.13381654858764
0.0,0.6221465128630979,0.0,0.0,1.1440000000000001,0.0,1.1440000000000001,0.236749402816233
0.0,0.7829336606041575,0.0,0.0,1.056,0.0,1.056,0.24650641540544196
0.0,0.6797848638719326,0.0,0.0,0.44799999999999995,0.0,0.44799999999999995,0.151177940834608
0.3611431644441334,0.0,0.0,0.0,0.2468568355558666,0.0,0.608,0.0330908041735531
1.192,0.0,0.0,0.0,0.0,0.0,1.192,0.0
3.6,0.0,0.0,0.0,0.0,0.0,3.6,0.0
2.072,0.0,0.0,0.0,0.0,0.0,2.072,0.0
2.064,0.0,0.0,0.0,0.0,0.0,2.064,0.0
2.024,0.0,0.0,0.0,0.0,0.0,2.024,0.0
1.288,0.0,0.0,0.0,0.0,0.0,1.288,0.0
0.84,0.0,0.0,0.0,0.0,0.0,0.84,0.0
0.584,0.0,0.0,0.0,0.0,0.0,0.584,0.0
0.368,0.0,0.0,0.0,0.0,0.0,0.368,0.0
0.44,0.0,0.0,0.0,0.0,0.0,0.44,0.0
0.368,0.0,0.0,0.0,0.0,0.0,0.368,0.0
0.344,0.0,0.0,0.0,0.0,0.0,0.344,0.0
0.488,0.0,0.0,0.0,0.0,0.0,0.488,0.0
0.816,0.0,0.0,0.0,0.0,0.0,0.816,0.0
0.7573803240868819,0.0,0.0,0.0,0.03461967591311807,0.0,0.792,0.0046407178217821796
0.12054982305123313,0.0,0.0,0.0,0.4394501769487669,0.0,0.56,0.0589076649090964
0.0,0.2050053043872775,0.0,0.0,0.688,0.0,0.688,0.119706078168275
0.40708972131752375,0.0,0.0,0.0,1.0889102786824763,0.0,1.496,0.145966858536904
0.0,0.32143996935896724,0.0,0.0,0.92,0.0,0.92,0.166413244449058
0.0,0.6952798587811435,0.0,0.0,0.6559999999999999,0.0,0.6559999999999999,0.181137123830925
0.0,0.7748765054163678,0.0,0.0,0.456,0.0,0.456,0.164997227282947
0.0,0.1589689643668245,0.0,0.0,0.7040000000000001,0.0,0.7040000000000001,0.11567974993851801
0.4244118138381391,0.0,0.0,0.0,0.37558818616186096,0.0,0.8,0.050347056787777004
0.8092859581396562,0.0,0.0,0.0,0.054714041860343884,0.0,0.8640000000000001,0.0073343387095897595
1.344,0.0,0.0,0.0,0.0,0.0,1.344,0.0
3.088,0.0,0.0,0.0,0.0,0.0,3.088,0.0
2.024,0.0,0.0,0.0,0.0,0.0,2.024,0.0
1.392,0.0,0.0,0.0,0.0,0.0,1.392,0.0
1.4080000000000001,0.0,0.0,0.0,0.0,0.0,1.4080000000000001,0.0
1.136,0.0,0.0,0.0,0.0,0.0,1.136,0.0
0.76,0.0,0.0,0.0,0.0,0.0,0.76,0.0
0.768,0.0,0.0,0.0,0.0,0.0,0.768,0.0
0.5920000000000001,0.0,0.0,0.0,0.0,0.0,0.5920000000000001,0.0
0.512,0.0,0.0,0.0,0.0,0.0,0.512,0.0
0.44799999999999995,0.0,0.0,0.0,0.0,0.0,0.44799999999999995,0.0
0.56,0.0,0.0,0.0,0.0,0.0,0.56,0.0
0.504,0.0,0.0,0.0,0.0,0.0,0.504,0.0
0.84,0.0,0.0,0.0,0.0,0.0,0.84,0.0
0.92,0.0,0.0,0.0,0.0,0.0,0.92,0.0
0.16474442000936762,0.0,0.0,0.0,0.5472555799906325,0.0,0.7120000000000001,0.0733588243144109
0.0,0.6351334527017864,0.0,0.0,0.8240000000000001,0.0,0.8240000000000001,0.19559474315430897
0.0,1.206708219822625,0.0,0.0,0.8240000000000001,0.0,0.8240000000000001,0.272213519566759
0.0,1.0071533656452132,0.0,0.0,1.32,0.0,1.32,0.311951565493365
0.0,0.3805679587225743,0.0,0.0,1.048,0.0,1.048,0.191497482596559
0.03744230106273616,0.0,0.0,0.0,0.8265576989372639,0.0,0.8640000000000001,0.11079887211584101
0.1461602971990419,0.0,0.0,0.0,1.1178397028009581,0.0,1.264,0.14984480628018898
1.1185388753430034,0.0,0.0,0.0,0.15346112465699663,0.0,1.272,0.0205712432991496
1.744,0.0,0.0,0.0,0.0,0.0,1.744,0.0
3.488,0.0,0.0,0.0,0.0,0.0,3.488,0.0
2.904,0.0,0.0,0.0,0.0,0.0,2.904,0.0
2.088,0.0,0.0,0.0,0.0,0.0,2.088,0.0
2.984,0.0,0.0,0.0,0.0,0.0,2.984,0.0
2.392,0.0,0.0,0.0,0.0,0.0,2.392,0.0
1.464,0.0,0.0,0.0,0.0,0.0,1.464,0.0
1.104,0.0,0.0,0.0,0.0,0.0,1.104,0.0
0.856,0.0,0.0,0.0,0.0,0.0,0.856,0.0
0.672,0.0,0.0,0.0,0.0,0.0,0.672,0.0
0.672,0.0,0.0,0.0,0.0,0.0,0.672,0.0
0.528,0.0,0.0,0.0,0.0,0.0,0.528,0.0
0.496,0.0,0.0,0.0,0.0,0.0,0.496,0.0
0.47200000000000003,0.0,0.0,0.0,0.0,0.0,0.47200000000000003,0.0
0.728,0.0,0.0,0.0,0.0,0.0,0.728,0.0
0.5455887500171703,0.0,0.0,0.0,0.04641124998282971,0.0,0.5920000000000001,0.006221361386138611
0.6847038687973956,0.0,0.0,0.0,0.4512961312026042,0.0,1.136,0.0604955980590127
0.0,0.4341895864513128,0.0,0.0,1.416,0.0,1.416,0.248015256095073
0.0,1.229152653188459,0.0,0.0,1.064,0.0,1.064,0.30739381883371003
0.0,0.5100324532762834,0.0,0.0,1.536,0.0,1.536,0.274267711046541
0.0,0.6866911541916003,0.0,0.0,0.736,0.0,0.736,0.190709705391756
0.0,0.196459234015271,0.0,0.0,0.728,0.0,0.728,0.12392243224842402
0.6207261547786964,0.0,0.0,0.0,0.8352738452213035,0.0,1.456,0.111967259003665
2.328675382528545,0.0,0.0,0.0,0.30332461747145467,0.0,2.6319999999999997,0.0406602292181383
2.9760000000000004,0.0,0.0,0.0,0.0,0.0,2.9760000000000004,0.0
2.8560000000000003,0.0,0.0,0.0,0.0,0.0,2.8560000000000003,0.0
4.656000000000001,0.0,0.0,0.0,0.0,0.0,4.656000000000001,0.0
2.2640000000000002,0.0,0.0,0.0,0.0,0.0,2.2640000000000002,0.0
1.912,0.0,0.0,0.0,0.0,0.0,1.912,0.0
1.9680000000000002,0.0,0.0,0.0,0.0,0.0,1.9680000000000002,0.0
2.008,0.0,0.0,0.0,0.0,0.0,2.008,0.0
1.76,0.0,0.0,0.0,0.0,0.0,1.76,0.0
1.52,0.0,0.0,0.0,0.0,0.0,1.52,0.0
0.9840000000000001,0.0,0.0,0.0,0.0,0.0,0.9840000000000001,0.0
0.632,0.0,0.0,0.0,0.0,0.0,0.632,0.0
0.528,0.0,0.0,0.0,0.0,0.0,0.528,0.0
0.7120000000000001,0.0,0.0,0.0,0.0,0.0,0.7120000000000001,0.0
0.68,0.0,0.0,0.0,0.0,0.0,0.68,0.0
0.648,0.0,0.0,0.0,0.0,0.0,0.648,0.0
0.543371527798728,0.0,0.0,0.0,0.05662847220127197,0.0,0.6,0.00759096534653465
0.1311649437124235,0.0,0.0,0.0,0.5888350562875765,0.0,0.72,0.07893249337924702
0.0,0.13869225558644804,0.0,0.0,1.04,0.0,1.04,0.158002003560755
0.9489167730490806,0.0,0.0,0.0,1.6670832269509195,0.0,2.616,0.223470111653292
1.1413328160224945,0.0,0.0,0.0,1.6826671839775054,0.0,2.824,0.225559118704908
0.0,1.0253324447252241,0.0,0.0,1.224,0.0,1.224,0.301519782841002
0.0,0.7694395895664579,0.0,0.0,1.288,0.0,1.288,0.275796821278831
0.4018178733199993,0.0,0.0,0.0,1.6381821266800007,0.0,2.04,0.219595960681083
0.7555330509891651,0.0,0.0,0.0,1.108466949010835,0.0,1.864,0.148588402099452
1.4658822465430554,0.0,0.0,0.0,0.4701177534569446,0.0,1.936,0.0630186094832032
2.504,0.0,0.0,0.0,0.0,0.0,2.504,0.0
2.968,0.0,0.0,0.0,0.0,0.0,2.968,0.0
1.496,0.0,0.0,0.0,0.0,0.0,1.496,0.0
1.296,0.0,0.0,0.0,0.0,0.0,1.296,0.0
1.736,0.0,0.0,0.0,0.0,0.0,1.736,0.0
1.4880000000000002,0.0,0.0,0.0,0.0,0.0,1.4880000000000002,0.0
1.3359999999999999,0.0,0.0,0.0,0.0,0.0,1.3359999999999999,0.0
0.8320000000000001,0.0,0.0,0.0,0.0,0.0,0.8320000000000001,0.0
0.52,0.0,0.0,0.0,0.0,0.0,0.52,0.0
0.456,0.0,0.0,0.0,0.0,0.0,0.456,0.0
0.5920000000000001,0.0,0.0,0.0,0.0,0.0,0.5920000000000001,0.0
0.528,0.0,0.0,0.0,0.0,0.0,0.528,0.0
0.568,0.0,0.0,0.0,0.0,0.0,0.568,0.0
0.512,0.0,0.0,0.0,0.0,0.0,0.512,0.0
0.43090929634701436,0.0,0.0,0.0,0.13709070365298562,0.0,0.568,0.0183768118811881
0.15069870387584622,0.0,0.0,0.0,0.4653012961241538,0.0,0.616,0.0623729702970297
0.18044406889110354,0.0,0.0,0.0,0.6675559311088964,0.0,0.848,0.0894849135592163
0.0,0.14629751730566087,0.0,0.0,0.96,0.0,0.96,0.148297592895963
0.24626111566240771,0.0,0.0,0.0,2.2017388843375922,0.0,2.448,0.29513993444359804
0.0,0.5819179748007166,0.0,0.0,0.8240000000000001,0.0,0.8240000000000001,0.18846128479063395
0.0,1.7027519824421462,0.0,0.0,0.8,0.0,0.8,0.335490307811315
0.0,1.3592304227450305,0.0,0.0,0.76,0.0,0.76,0.28407979369816305
0.4984705408461935,0.0,0.0,0.0,0.2615294591538065,0.0,0.76,0.035057648288274006
1.1328710401464732,0.0,0.0,0.0,0.10712895985352684,0.0,1.24,0.014360483167691002
2.2159999999999997,0.0,0.0,0.0,0.0,0.0,2.2159999999999997,0.0
4.152,0.0,0.0,0.0,0.0,0.0,4.152,0.0
4.224,0.0,0.0,0.0,0.0,0.0,4.224,0.0
1.672,0.0,0.0,0.0,0.0,0.0,1.672,0.0
1.4240000000000002,0.0,0.0,0.0,0.0,0.0,1.4240000000000002,0.0
1.136,0.0,0.0,0.0,0.0,0.0,1.136,0.0
1.12,0.0,0.0,0.0,0.0,0.0,1.12,0.0
0.648,0.0,0.0,0.0,0.0,0.0,0.648,0.0
0.47200000000000003,0.0,0.0,0.0,0.0,0.0,0.47200000000000003,0.0
0.728,0.0,0.0,0.0,0.0,0.0,0.728,0.0
0.584,0.0,0.0,0.0,0.0,0.0,0.584,0.0
0.456,0.0,0.0,0.0,0.0,0.0,0.456,0.0
0.56,0.0,0.0,0.0,0.0,0.0,0.56,0.0
0.6,0.0,0.0,0.0,0.0,0.0,0.6,0.0
0.8876495463674583,0.0,0.0,0.0,0.19235045363254172,0.0,1.08,0.025784301980197998
0.040522083308007883,0.0,0.0,0.0,0.5994779166919921,0.0,0.64,0.0803591535270041
0.0,0.3867044335219243,0.0,0.0,0.768,0.0,0.768,0.154786470473734
0.0,0.998853351008321,0.0,0.0,0.888,0.0,0.888,0.252929981063046
0.16388329955935044,0.0,0.0,0.0,2.3401167004406496,0.0,2.504,0.313689281899662
0.0,0.9834849329224018,0.0,0.0,1.1840000000000002,0.0,1.1840000000000002,0.290548241465366
0.0,1.1961289105430546,0.0,0.0,0.88,0.0,0.88,0.278302097906803
0.0,1.0860392284730715,0.0,0.0,0.672,0.0,0.672,0.235662632990615
0.13473734140004479,0.0,0.0,0.0,1.5452626585999552,0.0,1.68,0.207140239472376
2.6309548238443132,0.0,0.0,0.0,0.40904517615568686,0.0,3.04,0.0548319182323841
4.488,0.0,0.0,0.0,0.0,0.0,4.488,0.0
1.944,0.0,0.0,0.0,0.0,0.0,1.944,0.0
1.992,0.0,0.0,0.0,0.0,0.0,1.992,0.0
1.776,0.0,0.0,0.0,0.0,0.0,1.776,0.0
1.4080000000000001,0.0,0.0,0.0,0.0,0.0,1.4080000000000001,0.0
1.016,0.0,0.0,0.0,0.0,0.0,1.016,0.0
0.88,0.0,0.0,0.0,0.0,0.0,0.88,0.0
0.672,0.0,0.0,0.0,0.0,0.0,0.672,0.0
0.68,0.0,0.0,0.0,0.0,0.0,0.68,0.0
0.552,0.0,0.0,0.0,0.0,0.0,0.552,0.0
0.408,0.0,0.0,0.0,0.0,0.0,0.408,0.0
0.4,0.0,0.0,0.0,0.0,0.0,0.4,0.0
0.48,0.0,0.0,0.0,0.0,0.0,0.48,0.0
0.816,0.0,0.0,0.0,0.0,0.0,0.816,0.0
1.0730354445032548,0.0,0.0,0.0,0.15896455549674512,0.0,1.232,0.0213089702970297
0.0,0.32534196592621767,0.0,0.0,0.64,0.0,0.64,0.12940270372925503
0.0,1.269319329185476,0.0,0.0,0.624,0.0,0.624,0.253796736148717
0.0,2.0661866837167393,0.0,0.0,0.7440000000000001,0.0,0.7440000000000001,0.37670148785874796
0.0,1.7648333119071142,0.0,0.0,1.416,0.0,1.416,0.42638613589945296
0.0,2.1376376299290243,0.0,0.0,1.248,0.0,1.248,0.45383986050991604
0.0,2.136549314890364,0.0,0.0,0.904,0.0,0.904,0.40758126763031394
0.0,1.469784298320562,0.0,0.0,0.784,0.0,0.784,0.30211654741995697
0.0,0.44929836369050025,0.0,0.0,0.912,0.0,0.912,0.18248009002151397
0.8312485261364422,0.0,0.0,0.0,0.4167514738635578,0.0,1.248,0.0558649363693137
2.096,0.0,0.0,0.0,0.0,0.0,2.096,0.0
4.04,0.0,0.0,0.0,0.0,0.0,4.04,0.0
1.6640000000000001,0.0,0.0,0.0,0.0,0.0,1.6640000000000001,0.0
1.216,0.0,0.0,0.0,0.0,0.0,1.216,0.0
1.344,0.0,0.0,0.0,0.0,0.0,1.344,0.0
1.5759999999999998,0.0,0.0,0.0,0.0,0.0,1.5759999999999998,0.0
1.136,0.0,0.0,0.0,0.0,0.0,1.136,0.0
0.9279999999999999,0.0,0.0,0.0,0.0,0.0,0.9279999999999999,0.0
0.632,0.0,0.0,0.0,0.0,0.0,0.632,0.0
0.512,0.0,0.0,0.0,0.0,0.0,0.512,0.0
0.48,0.0,0.0,0.0,0.0,0.0,0.48,0.0
0.408,0.0,0.0,0.0,0.0,0.0,0.408,0.0
0.56,0.0,0.0,0.0,0.0,0.0,0.56,0.0
0.816,0.0,0.0,0.0,0.0,0.0,0.816,0.0
0.4742076204346664,0.0,0.0,0.0,0.1737923795653336,0.0,0.648,0.0232966188118812
0.0,0.34006222490946303,0.0,0.0,0.552,0.0,0.552,0.11957965971909501
0.0,1.1783549767647652,0.0,0.0,0.632,0.0,0.632,0.242675483892698
0.0,2.0688982227279173,0.0,0.0,0.456,0.0,0.456,0.338458979506497
0.0,0.8671415459102758,0.0,0.0,2.208,0.0,2.208,0.412218306503589
0.0,2.3982792188608517,0.0,0.0,0.8240000000000001,0.0,0.8240000000000001,0.43194190018571704
0.0,2.0056029555904242,0.0,0.0,0.7040000000000001,0.0,0.7040000000000001,0.363218383601258
0.0,1.1748020116349123,0.0,0.0,0.76,0.0,0.76,0.259357430137348
0.0,0.5010895580812756,0.0,0.0,0.7759999999999999,0.0,0.7759999999999999,0.17119202060334698
0.5046114576552836,0.0,0.0,0.0,0.4473885423447164,0.0,0.9520000000000001,0.0599717913862262
1.24,0.0,0.0,0.0,0.0,0.0,1.24,0.0
3.7680000000000002,0.0,0.0,0.0,0.0,0.0,3.7680000000000002,0.0
2.888,0.0,0.0,0.0,0.0,0.0,2.888,0.0
1.56,0.0,0.0,0.0,0.0,0.0,1.56,0.0
1.6159999999999999,0.0,0.0,0.0,0.0,0.0,1.6159999999999999,0.0
1.024,0.0,0.0,0.0,0.0,0.0,1.024,0.0
0.736,0.0,0.0,0.0,0.0,0.0,0.736,0.0
0.792,0.0,0.0,0.0,0.0,0.0,0.792,0.0
0.5760000000000001,0.0,0.0,0.0,0.0,0.0,0.5760000000000001,0.0
0.624,0.0,0.0,0.0,0.0,0.0,0.624,0.0
0.48,0.0,0.0,0.0,0.0,0.0,0.48,0.0
0.44,0.0,0.0,0.0,0.0,0.0,0.44,0.0
0.552,0.0,0.0,0.0,0.0,0.0,0.552,0.0
0.84,0.0,0.0,0.0,0.0,0.0,0.84,0.0
0.7080510278502707,0.0,0.0,0.0,0.19594897214972923,0.0,0.904,0.0262666782178218
0.0,0.3740810140250521,0.0,0.0,0.72,0.0,0.72,0.146659988181336
0.0,1.5406046590175655,0.0,0.0,0.44,0.0,0.44,0.26549720921924697
0.0,2.0708184432908996,0.0,0.0,0.48,0.0,0.48,0.341933547836167
0.0,1.551174973650832,0.0,0.0,1.0,0.0,1.0,0.341981340218727
0.0,1.6949349581288886,0.0,0.0,0.848,0.0,0.848,0.34087677797555604
0.0,1.389981989902263,0.0,0.0,0.8079999999999999,0.0,0.8079999999999999,0.294636328141669
0.0,0.8639285687888189,0.0,0.0,0.8079999999999999,0.0,0.8079999999999999,0.22411962276588002
0.0,0.20234583006261442,0.0,0.0,1.056,0.0,1.056,0.168679450789547
1.4391698433223856,0.0,0.0,0.0,0.5768301566776144,0.0,2.016,0.0773232538326819
3.6319999999999997,0.0,0.0,0.0,0.0,0.0,3.6319999999999997,0.0
3.2,0.0,0.0,0.0,0.0,0.0,3.2,0.0
2.112,0.0,0.0,0.0,0.0,0.0,2.112,0.0
1.704,0.0,0.0,0.0,0.0,0.0,1.704,0.0
1.8,0.0,0.0,0.0,0.0,0.0,1.8,0.0
1.464,0.0,0.0,0.0,0.0,0.0,1.464,0.0
1.016,0.0,0.0,0.0,0.0,0.0,1.016,0.0
0.9440000000000001,0.0,0.0,0.0,0.0,0.0,0.9440000000000001,0.0
0.84,0.0,0.0,0.0,0.0,0.0,0.84,0.0
0.84,0.0,0.0,0.0,0.0,0.0,0.84,0.0
0.68,0.0,0.0,0.0,0.0,0.0,0.68,0.0
0.696,0.0,0.0,0.0,0.0,0.0,0.696,0.0
0.64,0.0,0.0,0.0,0.0,0.0,0.64,0.0
1.168,0.0,0.0,0.0,0.0,0.0,1.168,0.0
0.5264897870731121,0.0,0.0,0.0,0.09751021292688788,0.0,0.624,0.013071103960396003
0.1894966119327378,0.0,0.0,0.0,0.5145033880672623,0.0,0.7040000000000001,0.0689684400386407
0.0,0.4953817108061114,0.0,0.0,0.696,0.0,0.696,0.15970300680337302
0.0,0.6489215573262853,0.0,0.0,0.92,0.0,0.92,0.21031168085844099
0.0,0.35494600074172067,0.0,0.0,1.3119999999999998,0.0,1.3119999999999998,0.22345171667708702
0.0,0.9494750340069824,0.0,0.0,1.208,0.0,1.208,0.289206428895901
0.0,1.1711714290703246,0.0,0.0,1.128,0.0,1.128,0.30820062709414503
0.0,1.044437076747509,0.0,0.0,1.008,0.0,1.008,0.275126241622024
0.0,0.7310764284051482,0.0,0.0,0.9520000000000001,0.0,0.9520000000000001,0.225613977332516
1.461136979814953,0.0,0.0,0.0,0.650863020185047,0.0,2.112,0.0872472528307871
1.36,0.0,0.0,0.0,0.0,0.0,1.36,0.0
1.656,0.0,0.0,0.0,0.0,0.0,1.656,0.0
1.1840000000000002,0.0,0.0,0.0,0.0,0.0,1.1840000000000002,0.0
1.6159999999999999,0.0,0.0,0.0,0.0,0.0,1.6159999999999999,0.0
1.624,0.0,0.0,0.0,0.0,0.0,1.624,0.0
1.6,0.0,0.0,0.0,0.0,0.0,1.6,0.0
1.3119999999999998,0.0,0.0,0.0,0.0,0.0,1.3119999999999998,0.0
0.632,0.0,0.0,0.0,0.0,0.0,0.632,0.0
0.41600000000000004,0.0,0.0,0.0,0.0,0.0,0.41600000000000004,0.0
0.36,0.0,0.0,0.0,0.0,0.0,0.36,0.0
0.43200000000000005,0.0,0.0,0.0,0.0,0.0,0.43200000000000005,0.0
0.408,0.0,0.0,0.0,0.0,0.0,0.408,0.0
0.47200000000000003,0.0,0.0,0.0,0.0,0.0,0.47200000000000003,0.0
0.552,0.0,0.0,0.0,0.0,0.0,0.552,0.0
0.6794485185749561,0.0,0.0,0.0,0.15255148142504388,0.0,0.8320000000000001,0.0204493069306931
0.0,0.10231666155508701,0.0,0.0,0.9359999999999999,0.0,0.9359999999999999,0.139184856843395
0.0,1.2198716187174183,0.0,0.0,0.8640000000000001,0.0,0.8640000000000001,0.279339996814459
0.0,0.11481111671848687,0.0,0.0,2.4,0.0,2.4,0.337106817436995
1.222466020959513,0.0,0.0,0.0,2.465533979040487,0.0,3.688,0.330501287922432
0.0,1.0312391583294285,0.0,0.0,1.112,0.0,1.112,0.287298130212479
0.0,0.07273066764848934,0.0,0.0,1.176,0.0,1.176,0.167390552081005
0.577146172625828,0.0,0.0,0.0,1.7108538273741722,0.0,2.2880000000000003,0.22933749775950701
0.8832833580088202,0.0,0.0,0.0,1.1327166419911798,0.0,2.016,0.151839038606537
0.786536852685184,0.0,0.0,0.0,0.5974631473148161,0.0,1.3840000000000001,0.0800890765863965
1.56,0.0,0.0,0.0,0.0,0.0,1.56,0.0
2.08,0.0,0.0,0.0,0.0,0.0,2.08,0.0
2.048,0.0,0.0,0.0,0.0,0.0,2.048,0.0
1.272,0.0,0.0,0.0,0.0,0.0,1.272,0.0
1.344,0.0,0.0,0.0,0.0,0.0,1.344,0.0
1.456,0.0,0.0,0.0,0.0,0.0,1.456,0.0
1.176,0.0,0.0,0.0,0.0,0.0,1.176,0.0
0.512,0.0,0.0,0.0,0.0,0.0,0.512,0.0
0.496,0.0,0.0,0.0,0.0,0.0,0.496,0.0
0.41600000000000004,0.0,0.0,0.0,0.0,0.0,0.41600000000000004,0.0
0.544,0.0,0.0,0.0,0.0,0.0,0.544,0.0
0.552,0.0,0.0,0.0,0.0,0.0,0.552,0.0
0.46399999999999997,0.0,0.0,0.0,0.0,0.0,0.46399999999999997,0.0
0.9520000000000001,0.0,0.0,0.0,0.0,0.0,0.9520000000000001,0.0
0.4094252037860474,0.0,0.0,0.0,0.22257479621395257,0.0,0.632,0.0298358316831683
0.0,0.18474460983431695,0.0,0.0,0.504,0.0,0.504,0.0923252255028592
0.06156698836482022,0.0,0.0,0.0,1.2504330116351796,0.0,1.3119999999999998,0.167618748846846
0.0,0.20340427002764683,0.0,0.0,1.496,0.0,1.496,0.227802701045555
0.13137931747675569,0.0,0.0,0.0,1.9806206825232444,0.0,2.112,0.265499357147164
0.0,0.8290282375167484,0.0,0.0,1.104,0.0,1.104,0.259119658264999
0.0,0.8515084770330021,0.0,0.0,0.8240000000000001,0.0,0.8240000000000001,0.224599504323143
0.0,0.4121028234413433,0.0,0.0,0.8240000000000001,0.0,0.8240000000000001,0.165697807706105
0.15815254970163506,0.0,0.0,0.0,0.665847450298365,0.0,0.8240000000000001,0.0892558941609555
1.832606612531456,0.0,0.0,0.0,0.10339338746854392,0.0,1.936,0.0138597350559798
3.432,0.0,0.0,0.0,0.0,0.0,3.432,0.0
4.504,0.0,0.0,0.0,0.0,0.0,4.504,0.0
2.16,0.0,0.0,0.0,0.0,0.0,2.16,0.0
1.496,0.0,0.0,0.0,0.0,0.0,1.496,0.0
1.4,0.0,0.0,0.0,0.0,0.0,1.4,0.0
1.224,0.0,0.0,0.0,0.0,0.0,1.224,0.0
0.968,0.0,0.0,0.0,0.0,0.0,0.968,0.0
0.584,0.0,0.0,0.0,0.0,0.0,0.584,0.0
0.728,0.0,0.0,0.0,0.0,0.0,0.728,0.0
0.672,0.0,0.0,0.0,0.0,0.0,0.672,0.0
0.43200000000000005,0.0,0.0,0.0,0.0,0.0,0.43200000000000005,0.0
0.41600000000000004,0.0,0.0,0.0,0.0,0.0,0.41600000000000004,0.0
0.5760000000000001,0.0,0.0,0.0,0.0,0.0,0.5760000000000001,0.0
0.488,0.0,0.0,0.0,0.0,0.0,0.488,0.0
0.4939862223176765,0.0,0.0,0.0,0.2580137776823235,0.0,0.752,0.0345863762376238
0.0641536460123312,0.0,0.0,0.0,0.7118463539876687,0.0,0.7759999999999999,0.0954219811188206
0.0,1.138919191240241,0.0,0.0,0.7120000000000001,0.0,0.7120000000000001,0.248113058568884
0.0,1.189472838495925,0.0,0.0,0.9279999999999999,0.0,0.9279999999999999,0.283844192054503
0.37184839429344674,0.0,0.0,0.0,2.1321516057065533,0.0,2.504,0.28581185971167894
0.0,0.6829908605633153,0.0,0.0,1.072,0.0,1.072,0.235254003651575
0.0,0.9901046422834966,0.0,0.0,0.672,0.0,0.672,0.222802739530822
0.0,0.9603456174714587,0.0,0.0,0.68,0.0,0.68,0.21988597351362302
0.27412231963041955,0.0,0.0,0.0,0.6858776803695804,0.0,0.96,0.091940917726721
0.945737317692128,0.0,0.0,0.0,0.48626268230787195,0.0,1.432,0.0651828140019842
2.5839999999999996,0.0,0.0,0.0,0.0,0.0,2.5839999999999996,0.0
4.6080000000000005,0.0,0.0,0.0,0.0,0.0,4.6080000000000005,0.0
1.544,0.0,0.0,0.0,0.0,0.0,1.544,0.0
1.4240000000000002,0.0,0.0,0.0,0.0,0.0,1.4240000000000002,0.0
1.4480000000000002,0.0,0.0,0.0,0.0,0.0,1.4480000000000002,0.0
1.28,0.0,0.0,0.0,0.0,0.0,1.28,0.0
0.752,0.0,0.0,0.0,0.0,0.0,0.752,0.0
0.664,0.0,0.0,0.0,0.0,0.0,0.664,0.0
0.552,0.0,0.0,0.0,0.0,0.0,0.552,0.0
0.632,0.0,0.0,0.0,0.0,0.0,0.632,0.0
0.5760000000000001,0.0,0.0,0.0,0.0,0.0,0.5760000000000001,0.0
0.456,0.0,0.0,0.0,0.0,0.0,0.456,0.0
0.552,0.0,0.0,0.0,0.0,0.0,0.552,0.0
0.608,0.0,0.0,0.0,0.0,0.0,0.608,0.0
0.6471626852062128,0.0,0.0,0.0,0.05683731479378729,0.0,0.7040000000000001,0.0076189603960396
0.09183801158826066,0.0,0.0,0.0,0.8281619884117394,0.0,0.92,0.111013924815184
0.0,0.9059433969671146,0.0,0.0,0.64,0.0,0.64,0.20723149147255
0.0,1.4820800205183553,0.0,0.0,0.48,0.0,0.48,0.263014008040787
0.0,1.159330306124926,0.0,0.0,1.032,0.0,1.032,0.29374467948707694
0.0,1.402436227838413,0.0,0.0,0.72,0.0,0.72,0.284509527265495
0.0,0.911781478230035,0.0,0.0,0.9840000000000001,0.0,0.9840000000000001,0.254126783691035
0.0,0.6572594106545965,0.0,0.0,0.648,0.0,0.648,0.17496814887219803
1.0051091895325415,0.0,0.0,0.0,0.6748908104674585,0.0,1.68,0.0904681435999979
2.0254906159792125,0.0,0.0,0.0,0.25450938402078743,0.0,2.28,0.034116617301681
4.952,0.0,0.0,0.0,0.0,0.0,4.952,0.0
3.096,0.0,0.0,0.0,0.0,0.0,3.096,0.0
1.416,0.0,0.0,0.0,0.0,0.0,1.416,0.0
1.4880000000000002,0.0,0.0,0.0,0.0,0.0,1.4880000000000002,0.0
1.56,0.0,0.0,0.0,0.0,0.0,1.56,0.0
1.4080000000000001,0.0,0.0,0.0,0.0,0.0,1.4080000000000001,0.0
0.968,0.0,0.0,0.0,0.0,0.0,0.968,0.0
0.584,0.0,0.0,0.0,0.0,0.0,0.584,0.0
0.47200000000000003,0.0,0.0,0.0,0.0,0.0,0.47200000000000003,0.0
0.48,0.0,0.0,0.0,0.0,0.0,0.48,0.0
0.664,0.0,0.0,0.0,0.0,0.0,0.664,0.0
0.48,0.0,0.0,0.0,0.0,0.0,0.48,0.0
0.512,0.0,0.0,0.0,0.0,0.0,0.512,0.0
0.52,0.0,0.0,0.0,0.0,0.0,0.52,0.0
0.47675030557155623,0.0,0.0,0.0,0.04324969442844379,0.0,0.52,0.00579755940594059
0.0,0.1182195541381893,0.0,0.0,0.584,0.0,0.584,0.0941315224287876
0.0,0.21549094610547104,0.0,0.0,1.072,0.0,1.072,0.172586311725433
0.0,0.7926951716934121,0.0,0.0,0.992,0.0,0.992,0.23923582388557002
0.0878908628827586,0.0,0.0,0.0,1.3201091371172415,0.0,1.4080000000000001,0.176958733371508
0.0,0.2637172516844837,0.0,0.0,0.968,0.0,0.968,0.16510992811237804
0.5688361815169167,0.0,0.0,0.0,0.9431638184830831,0.0,1.5119999999999998,0.12642975492546601
0.7724743181717222,0.0,0.0,0.0,0.6115256818282779,0.0,1.3840000000000001,0.0819741391357926
0.7409551984764057,0.0,0.0,0.0,0.3950448015235942,0.0,1.136,0.0529551881257871
1.0023237142407448,0.0,0.0,0.0,0.14167628575925537,0.0,1.1440000000000001,0.0189915025749201
1.264,0.0,0.0,0.0,0.0,0.0,1.264,0.0
3.92,0.0,0.0,0.0,0.0,0.0,3.92,0.0
3.384,0.0,0.0,0.0,0.0,0.0,3.384,0.0
1.8319999999999999,0.0,0.0,0.0,0.0,0.0,1.8319999999999999,0.0
1.6480000000000001,0.0,0.0,0.0,0.0,0.0,1.6480000000000001,0.0
1.368,0.0,0.0,0.0,0.0,0.0,1.368,0.0
1.016,0.0,0.0,0.0,0.0,0.0,1.016,0.0
0.816,0.0,0.0,0.0,0.0,0.0,0.816,0.0
0.7040000000000001,0.0,0.0,0.0,0.0,0.0,0.7040000000000001,0.0
0.728,0.0,0.0,0.0,0.0,0.0,0.728,0.0
0.5760000000000001,0.0,0.0,0.0,0.0,0.0,0.5760000000000001,0.0
0.5760000000000001,0.0,0.0,0.0,0.0,0.0,0.5760000000000001,0.0
0.544,0.0,0.0,0.0,0.0,0.0,0.544,0.0
0.888,0.0,0.0,0.0,0.0,0.0,0.888,0.0
0.35101449080029856,0.0,0.0,0.0,0.16098550919970148,0.0,0.512,0.0215798762376238
0.03211117063712521,0.0,0.0,0.0,0.5838888293628748,0.0,0.616,0.0782694587657039
0.0,0.4512987075140026,0.0,0.0,0.608,0.0,0.608,0.141997469961535
0.0,0.6687484139374981,0.0,0.0,0.568,0.0,0.568,0.165784348184664
0.0,0.20876858844449897,0.0,0.0,1.104,0.0,1.104,0.17597474336730498
0.0,0.7116965121466668,0.0,0.0,0.856,0.0,0.856,0.210147465312004
0.0,1.0497020008971532,0.0,0.0,0.752,0.0,0.752,0.241515564908446
0.0,1.1178153278648701,0.0,0.0,0.736,0.0,0.736,0.24850128152284698
0.0,1.1761860396317028,0.0,0.0,0.648,0.0,0.648,0.24452951800040804
0.1302652624137134,0.0,0.0,0.0,0.8617347375862866,0.0,0.992,0.115514303611668
1.072,0.0,0.0,0.0,0.0,0.0,1.072,0.0
3.136,0.0,0.0,0.0,0.0,0.0,3.136,0.0
1.92,0.0,0.0,0.0,0.0,0.0,1.92,0.0
1.896,0.0,0.0,0.0,0.0,0.0,1.896,0.0
1.624,0.0,0.0,0.0,0.0,0.0,1.624,0.0
1.304,0.0,0.0,0.0,0.0,0.0,1.304,0.0
1.168,0.0,0.0,0.0,0.0,0.0,1.168,0.0
0.8959999999999999,0.0,0.0,0.0,0.0,0.0,0.8959999999999999,0.0
0.456,0.0,0.0,0.0,0.0,0.0,0.456,0.0
0.536,0.0,0.0,0.0,0.0,0.0,0.536,0.0
0.632,0.0,0.0,0.0,0.0,0.0,0.632,0.0
0.6,0.0,0.0,0.0,0.0,0.0,0.6,0.0
0.496,0.0,0.0,0.0,0.0,0.0,0.496,0.0
1.168,0.0,0.0,0.0,0.0,0.0,1.168,0.0
0.7613556796380071,0.0,0.0,0.0,0.022644320361992924,0.0,0.784,0.00303543861386139
0.0,0.058124384674338336,0.0,0.0,0.752,0.0,0.752,0.108596009946874
0.0,0.7773752919605399,0.0,0.0,0.96,0.0,0.96,0.232892661986769
0.0,1.06688699557739,0.0,0.0,0.76,0.0,0.76,0.244891577264754
0.8214945972244543,0.0,0.0,0.0,1.8505054027755454,0.0,2.6719999999999997,0.248057590819637
0.0,0.5008453864451035,0.0,0.0,1.3359999999999999,0.0,1.3359999999999999,0.24622648525442
0.0,1.6137153322362332,0.0,0.0,0.9520000000000001,0.0,0.9520000000000001,0.34393045439852804
0.0,1.2716070099522774,0.0,0.0,0.8640000000000001,0.0,0.8640000000000001,0.28627505168681
0.0,0.9101868591382418,0.0,0.0,0.8320000000000001,0.0,0.8320000000000001,0.23353764565467802
0.3104755417410353,0.0,0.0,0.0,0.6095244582589647,0.0,0.92,0.0817058779912692
2.128,0.0,0.0,0.0,0.0,0.0,2.128,0.0
2.872,0.0,0.0,0.0,0.0,0.0,2.872,0.0
2.904,0.0,0.0,0.0,0.0,0.0,2.904,0.0
1.2,0.0,0.0,0.0,0.0,0.0,1.2,0.0
1.5519999999999998,0.0,0.0,0.0,0.0,0.0,1.5519999999999998,0.0
1.168,0.0,0.0,0.0,0.0,0.0,1.168,0.0
1.04,0.0,0.0,0.0,0.0,0.0,1.04,0.0
0.904,0.0,0.0,0.0,0.0,0.0,0.904,0.0
0.872,0.0,0.0,0.0,0.0,0.0,0.872,0.0
0.728,0.0,0.0,0.0,0.0,0.0,0.728,0.0
0.552,0.0,0.0,0.0,0.0,0.0,0.552,0.0
0.424,0.0,0.0,0.0,0.0,0.0,0.424,0.0
0.512,0.0,0.0,0.0,0.0,0.0,0.512,0.0
0.5920000000000001,0.0,0.0,0.0,0.0,0.0,0.5920000000000001,0.0
0.48646174083601973,0.0,0.0,0.0,0.2575382591639804,0.0,0.7440000000000001,0.0345226336633663
0.0,0.6136712706844594,0.0,0.0,0.792,0.0,0.792,0.188428214458263
0.0,1.4220765368196413,0.0,0.0,0.968,0.0,0.968,0.32038632619433305
0.0,1.3984225503378425,0.0,0.0,1.936,0.0,1.936,0.446974552665924
0.0,0.21334020472405735,0.0,0.0,3.616,0.0,3.616,0.513317553241341
0.0,2.1849389220602102,0.0,0.0,1.8880000000000001,0.0,1.8880000000000001,0.54597161134813
0.0,2.2730942368815943,0.0,0.0,1.536,0.0,1.536,0.510603610337267
0.0,0.9922685453836646,0.0,0.0,2.088,0.0,2.088,0.41290557341758705
0.0,0.4408085215542139,0.0,0.0,1.672,0.0,1.672,0.28321894706919
0.6424380617848805,0.0,0.0,0.0,0.9255619382151196,0.0,1.568,0.12407024816227699
2.472,0.0,0.0,0.0,0.0,0.0,2.472,0.0
3.352,0.0,0.0,0.0,0.0,0.0,3.352,0.0
1.5919999999999999,0.0,0.0,0.0,0.0,0.0,1.5919999999999999,0.0
1.5919999999999999,0.0,0.0,0.0,0.0,0.0,1.5919999999999999,0.0
1.376,0.0,0.0,0.0,0.0,0.0,1.376,0.0
0.9520000000000001,0.0,0.0,0.0,0.0,0.0,0.9520000000000001,0.0
0.8,0.0,0.0,0.0,0.0,0.0,0.8,0.0
0.84,0.0,0.0,0.0,0.0,0.0,0.84,0.0
0.43200000000000005,0.0,0.0,0.0,0.0,0.0,0.43200000000000005,0.0
0.47200000000000003,0.0,0.0,0.0,0.0,0.0,0.47200000000000003,0.0
0.496,0.0,0.0,0.0,0.0,0.0,0.496,0.0
0.47200000000000003,0.0,0.0,0.0,0.0,0.0,0.47200000000000003,0.0
0.664,0.0,0.0,0.0,0.0,0.0,0.664,0.0
0.544,0.0,0.0,0.0,0.0,0.0,0.544,0.0
0.2610638241728297,0.0,0.0,0.0,0.26693617582717033,0.0,0.528,0.0357824108910891
0.0,0.10571537809712095,0.0,0.0,0.5760000000000001,0.0,0.5760000000000001,0.0913829670866306
0.12873475319703587,0.0,0.0,0.0,0.9272652468029642,0.0,1.056,0.124298574231517
0.44374977260483406,0.0,0.0,0.0,0.8042502273951659,0.0,1.248,0.107808587602372
0.3169268053165881,0.0,0.0,0.0,1.2990731946834118,0.0,1.6159999999999999,0.174138895508333
0.0,0.7282487881735089,0.0,0.0,0.76,0.0,0.76,0.19949761204741698
0.0,2.4704970426930704,0.0,0.0,0.528,0.0,0.528,0.4019442209542511
0.0,2.266331187596145,0.0,0.0,0.552,0.0,0.552,0.377793246903448
0.0,0.790552805269942,0.0,0.0,0.9279999999999999,0.0,0.9279999999999999,0.23036953468614002
0.38432532369478106,0.0,0.0,0.0,0.48767467630521893,0.0,0.872,0.0653720897688684
1.96,0.0,0.0,0.0,0.0,0.0,1.96,0.0
5.64,0.0,0.0,0.0,0.0,0.0,5.64,0.0
2.28,0.0,0.0,0.0,0.0,0.0,2.28,0.0
1.544,0.0,0.0,0.0,0.0,0.0,1.544,0.0
1.776,0.0,0.0,0.0,0.0,0.0,1.776,0.0
1.264,0.0,0.0,0.0,0.0,0.0,1.264,0.0
0.792,0.0,0.0,0.0,0.0,0.0,0.792,0.0
0.632,0.0,0.0,0.0,0.0,0.0,0.632,0.0
0.5920000000000001,0.0,0.0,0.0,0.0,0.0,0.5920000000000001,0.0
0.608,0.0,0.0,0.0,0.0,0.0,0.608,0.0
0.584,0.0,0.0,0.0,0.0,0.0,0.584,0.0
0.424,0.0,0.0,0.0,0.0,0.0,0.424,0.0
0.512,0.0,0.0,0.0,0.0,0.0,0.512,0.0
0.488,0.0,0.0,0.0,0.0,0.0,0.488,0.0
0.24244720378270923,0.0,0.0,0.0,0.21355279621729079,0.0,0.456,0.0286264455445545
0.0,0.11768947491854076,0.0,0.0,0.688,0.0,0.688,0.108001516665268
0.0,0.9037850723965156,0.0,0.0,0.7040000000000001,0.0,0.7040000000000001,0.215521279222566
0.0,1.4575694689836183,0.0,0.0,0.688,0.0,0.688,0.28761050500796603
0.0,1.0475049759603074,0.0,0.0,1.5519999999999998,0.0,1.5519999999999998,0.348459907597787
0.0,1.2204272970619552,0.0,0.0,1.16,0.0,1.16,0.31909285946684196
0.0,0.8880859033113617,0.0,0.0,0.8320000000000001,0.0,0.8320000000000001,0.23057504427615502
0.0,0.46443843053029754,0.0,0.0,0.8,0.0,0.8,0.169496155129655
0.2820198620567914,0.0,0.0,0.0,0.6779801379432085,0.0,0.96,0.0908822635100171
1.9756115733629949,0.0,0.0,0.0,0.05638842663700521,0.0,2.032,0.007558787583492379
2.256,0.0,0.0,0.0,0.0,0.0,2.256,0.0
3.76,0.0,0.0,0.0,0.0,0.0,3.76,0.0
2.04,0.0,0.0,0.0,0.0,0.0,2.04,0.0
1.76,0.0,0.0,0.0,0.0,0.0,1.76,0.0
1.6,0.0,0.0,0.0,0.0,0.0,1.6,0.0
1.5519999999999998,0.0,0.0,0.0,0.0,0.0,1.5519999999999998,0.0
0.7759999999999999,0.0,0.0,0.0,0.0,0.0,0.7759999999999999,0.0
0.64,0.0,0.0,0.0,0.0,0.0,0.64,0.0
0.43200000000000005,0.0,0.0,0.0,0.0,0.0,0.43200000000000005,0.0
0.456,0.0,0.0,0.0,0.0,0.0,0.456,0.0
0.424,0.0,0.0,0.0,0.0,0.0,0.424,0.0
0.56,0.0,0.0,0.0,0.0,0.0,0.56,0.0
0.696,0.0,0.0,0.0,0.0,0.0,0.696,0.0
0.904,0.0,0.0,0.0,0.0,0.0,0.904,0.0
1.165706935209711,0.0,0.0,0.0,0.06629306479028907,0.0,1.232,0.0088864900990099
0.0,0.37730339813684377,0.0,0.0,0.616,0.0,0.616,0.133150893547902
0.0,1.2191263522419162,0.0,0.0,0.736,0.0,0.736,0.26208187879791894
0.0,1.031865475976623,0.0,0.0,1.128,0.0,1.128,0.28952686420784
0.0,0.3114435353610219,0.0,0.0,1.92,0.0,1.92,0.299121800239806
0.0,1.625142272706159,0.0,0.0,0.8,0.0,0.8,0.325086837714743
0.0,1.256164128405361,0.0,0.0,0.816,0.0,0.816,0.27777062455702195
0.0,1.9344734114770201,0.0,0.0,0.536,0.0,0.536,0.331163411744597
0.0,0.9606652739808289,0.0,0.0,0.672,0.0,0.672,0.21885643450222897
0.49073149608461164,0.0,0.0,0.0,0.6292685039153885,0.0,1.12,0.0843525389473623
2.248,0.0,0.0,0.0,0.0,0.0,2.248,0.0
2.08,0.0,0.0,0.0,0.0,0.0,2.08,0.0
2.552,0.0,0.0,0.0,0.0,0.0,2.552,0.0
2.1519999999999997,0.0,0.0,0.0,0.0,0.0,2.1519999999999997,0.0
1.896,0.0,0.0,0.0,0.0,0.0,1.896,0.0
1.224,0.0,0.0,0.0,0.0,0.0,1.224,0.0
0.976,0.0,0.0,0.0,0.0,0.0,0.976,0.0
0.7759999999999999,0.0,0.0,0.0,0.0,0.0,0.7759999999999999,0.0
0.728,0.0,0.0,0.0,0.0,0.0,0.728,0.0
0.568,0.0,0.0,0.0,0.0,0.0,0.568,0.0
0.41600000000000004,0.0,0.0,0.0,0.0,0.0,0.41600000000000004,0.0
0.536,0.0,0.0,0.0,0.0,0.0,0.536,0.0
0.6,0.0,0.0,0.0,0.0,0.0,0.6,0.0
0.728,0.0,0.0,0.0,0.0,0.0,0.728,0.0
0.40046984268712826,0.0,0.0,0.0,0.25553015731287165,0.0,0.6559999999999999,0.0342534504950495
0.0,0.07300129275405987,0.0,0.0,0.624,0.0,0.624,0.0934320219867609
0.0,0.2861386907314323,0.0,0.0,0.8640000000000001,0.0,0.8640000000000001,0.154174439211781
0.0,0.4930872419414154,0.0,0.0,1.1440000000000001,0.0,1.1440000000000001,0.219449192954779
0.0,0.6752585145989793,0.0,0.0,1.416,0.0,1.416,0.280330199595422
0.0,1.669843016814692,0.0,0.0,0.68,0.0,0.68,0.314993080636848
0.0,2.0295019345343284,0.0,0.0,0.408,0.0,0.408,0.32674363262701
0.0,1.3744352145623948,0.0,0.0,0.736,0.0,0.736,0.282900808676412
0.0,0.9138951087543954,0.0,0.0,0.72,0.0,0.72,0.21902129208685397
1.0720417472474508,0.0,0.0,0.0,0.13595825275254905,0.0,1.208,0.0182250084648552
2.048,0.0,0.0,0.0,0.0,0.0,2.048,0.0
3.568,0.0,0.0,0.0,0.0,0.0,3.568,0.0
2.736,0.0,0.0,0.0,0.0,0.0,2.736,0.0
1.544,0.0,0.0,0.0,0.0,0.0,1.544,0.0
1.4,0.0,0.0,0.0,0.0,0.0,1.4,0.0
1.3840000000000001,0.0,0.0,0.0,0.0,0.0,1.3840000000000001,0.0
0.872,0.0,0.0,0.0,0.0,0.0,0.872,0.0
0.44799999999999995,0.0,0.0,0.0,0.0,0.0,0.44799999999999995,0.0
0.544,0.0,0.0,0.0,0.0,0.0,0.544,0.0
0.544,0.0,0.0,0.0,0.0,0.0,0.544,0.0
0.5920000000000001,0.0,0.0,0.0,0.0,0.0,0.5920000000000001,0.0
0.6559999999999999,0.0,0.0,0.0,0.0,0.0,0.6559999999999999,0.0
0.728,0.0,0.0,0.0,0.0,0.0,0.728,0.0
0.536,0.0,0.0,0.0,0.0,0.0,0.536,0.0
0.26546740751933207,0.0,0.0,0.0,0.3025325924806679,0.0,0.568,0.0405540594059406
0.0,0.36326406606425965,0.0,0.0,0.632,0.0,0.632,0.133413718266891
0.0,0.8553549243810974,0.0,0.0,0.696,0.0,0.696,0.207956898948234
0.0,0.6878527543764357,0.0,0.0,1.072,0.0,1.072,0.23590573353266298
0.19923966428075168,0.0,0.0,0.0,2.1687603357192486,0.0,2.3680000000000003,0.290719207378049
0.0,1.5052071849413542,0.0,0.0,0.664,0.0,0.664,0.290779106874332
0.0,1.12420720995316,0.0,0.0,0.47200000000000003,0.0,0.47200000000000003,0.21396928339470603
0.0,0.565970166628899,0.0,0.0,0.736,0.0,0.736,0.174527230435857
0.43404769164650736,0.0,0.0,0.0,0.7579523083534926,0.0,1.192,0.101602418066085
0.9451225839746511,0.0,0.0,0.0,0.2708774160253488,0.0,1.216,0.0363107284776983
1.8,0.0,0.0,0.0,0.0,0.0,1.8,0.0
3.008,0.0,0.0,0.0,0.0,0.0,3.008,0.0
1.984,0.0,0.0,0.0,0.0,0.0,1.984,0.0
1.56,0.0,0.0,0.0,0.0,0.0,1.56,0.0
2.112,0.0,0.0,0.0,0.0,0.0,2.112,0.0
1.6,0.0,0.0,0.0,0.0,0.0,1.6,0.0
1.048,0.0,0.0,0.0,0.0,0.0,1.048,0.0
0.7440000000000001,0.0,0.0,0.0,0.0,0.0,0.7440000000000001,0.0
0.544,0.0,0.0,0.0,0.0,0.0,0.544,0.0
0.52,0.0,0.0,0.0,0.0,0.0,0.52,0.0
0.528,0.0,0.0,0.0,0.0,0.0,0.528,0.0
0.584,0.0,0.0,0.0,0.0,0.0,0.584,0.0
0.568,0.0,0.0,0.0,0.0,0.0,0.568,0.0
0.624,0.0,0.0,0.0,0.0,0.0,0.624,0.0
0.4201799815835234,0.0,0.0,0.0,0.2758200184164766,0.0,0.696,0.0369732772277228
0.0,0.11563953113468883,0.0,0.0,0.848,0.0,0.848,0.1291744947957
0.0,0.8917455737777729,0.0,0.0,0.8,0.0,0.8,0.226776063815686
0.0,1.3667225575329836,0.0,0.0,0.68,0.0,0.68,0.27436021853075304
0.0,0.7876703678355974,0.0,0.0,1.528,0.0,1.528,0.310412286133376
0.0,1.2562365964546631,0.0,0.0,1.136,0.0,1.136,0.320675879085282
0.0,0.41130969512012494,0.0,0.0,1.344,0.0,1.344,0.23529674296588
0.0,0.6299280511270859,0.0,0.0,0.976,0.0,0.976,0.21527234818918203
0.11937708208384745,0.0,0.0,0.0,0.8566229179161525,0.0,0.976,0.114829071528489
1.0760484300016573,0.0,0.0,0.0,0.22795156999834268,0.0,1.304,0.0305565804847322
1.16,0.0,0.0,0.0,0.0,0.0,1.16,0.0
4.28,0.0,0.0,0.0,0.0,0.0,4.28,0.0
3.1839999999999997,0.0,0.0,0.0,0.0,0.0,3.1839999999999997,0.0
1.4080000000000001,0.0,0.0,0.0,0.0,0.0,1.4080000000000001,0.0
1.304,0.0,0.0,0.0,0.0,0.0,1.304,0.0
1.224,0.0,0.0,0.0,0.0,0.0,1.224,0.0
1.192,0.0,0.0,0.0,0.0,0.0,1.192,0.0
0.8320000000000001,0.0,0.0,0.0,0.0,0.0,0.8320000000000001,0.0
0.568,0.0,0.0,0.0,0.0,0.0,0.568,0.0
0.5760000000000001,0.0,0.0,0.0,0.0,0.0,0.5760000000000001,0.0
0.5760000000000001,0.0,0.0,0.0,0.0,0.0,0.5760000000000001,0.0
0.52,0.0,0.0,0.0,0.0,0.0,0.52,0.0
0.6,0.0,0.0,0.0,0.0,0.0,0.6,0.0
0.68,0.0,0.0,0.0,0.0,0.0,0.68,0.0
0.6438840741111127,0.0,0.0,0.0,0.1001159258888874,0.0,0.7440000000000001,0.013420396039603998
0.40471076971643505,0.0,0.0,0.0,0.45128923028356493,0.0,0.856,0.0604946730007293
0.0,0.2511925385396312,0.0,0.0,0.992,0.0,0.992,0.16664817382999803
0.0,0.01579812480438192,0.0,0.0,1.16,0.0,1.16,0.15761404948710597
0.5695038001666488,0.0,0.0,0.0,1.3664961998333511,0.0,1.936,0.18317685248929003
0.8719687172009765,0.0,0.0,0.0,1.6400312827990235,0.0,2.512,0.21984383740235397
0.5993136629816083,0.0,0.0,0.0,1.1606863370183917,0.0,1.76,0.15558833604387698
0.9379176554090825,0.0,0.0,0.0,0.8860823445909176,0.0,1.824,0.11877806535304598
1.4248123896880218,0.0,0.0,0.0,0.5191876103119781,0.0,1.944,0.0695963533012257
1.698344835142019,0.0,0.0,0.0,0.42165516485798116,0.0,2.12,0.0565222691025098
3.07570150134764,0.0,0.0,0.0,0.012298498652360044,0.0,3.088,0.00164859607641633
2.48,0.0,0.0,0.0,0.0,0.0,2.48,0.0
2.784,0.0,0.0,0.0,0.0,0.0,2.784,0.0
1.56,0.0,0.0,0.0,0.0,0.0,1.56,0.0
1.416,0.0,0.0,0.0,0.0,0.0,1.416,0.0
1.456,0.0,0.0,0.0,0.0,0.0,1.456,0.0
1.072,0.0,0.0,0.0,0.0,0.0,1.072,0.0
0.96,0.0,0.0,0.0,0.0,0.0,0.96,0.0
0.6,0.0,0.0,0.0,0.0,0.0,0.6,0.0
0.44,0.0,0.0,0.0,0.0,0.0,0.44,0.0
0.47200000000000003,0.0,0.0,0.0,0.0,0.0,0.47200000000000003,0.0
0.46399999999999997,0.0,0.0,0.0,0.0,0.0,0.46399999999999997,0.0
0.552,0.0,0.0,0.0,0.0,0.0,0.552,0.0
0.528,0.0,0.0,0.0,0.0,0.0,0.528,0.0
0.9263623796539129,0.0,0.0,0.0,0.06563762034608715,0.0,0.992,0.00879862871287129
0.43923095749360797,0.0,0.0,0.0,0.20076904250639205,0.0,0.64,0.0269128017246549
0.6684824991020407,0.0,0.0,0.0,0.5315175008979592,0.0,1.2,0.0712491574212465
1.2973312659733773,0.0,0.0,0.0,0.43866873402662265,0.0,1.736,0.0588029136079981
1.8567229705374788,0.0,0.0,0.0,0.35127702946252143,0.0,2.208,0.0470881811574591
0.55572434700839,0.0,0.0,0.0,0.8202756529916099,0.0,1.376,0.109956772881567
0.0,2.1152890546967855,0.0,0.0,0.88,0.0,0.88,0.401514194771921
0.0,1.7921426765158217,0.0,0.0,0.6,0.0,0.6,0.320663289252405
0.0,0.8873849772473374,0.0,0.0,0.792,0.0,0.792,0.225119143607923
1.345290296641394,0.0,0.0,0.0,0.46270970335860606,0.0,1.808,0.0620255710098711
4.016,0.0,0.0,0.0,0.0,0.0,4.016,0.0
3.92,0.0,0.0,0.0,0.0,0.0,3.92,0.0
1.432,0.0,0.0,0.0,0.0,0.0,1.432,0.0
1.672,0.0,0.0,0.0,0.0,0.0,1.672,0.0
1.56,0.0,0.0,0.0,0.0,0.0,1.56,0.0
1.1840000000000002,0.0,0.0,0.0,0.0,0.0,1.1840000000000002,0.0
0.856,0.0,0.0,0.0,0.0,0.0,0.856,0.0
0.784,0.0,0.0,0.0,0.0,0.0,0.784,0.0
0.648,0.0,0.0,0.0,0.0,0.0,0.648,0.0
0.512,0.0,0.0,0.0,0.0,0.0,0.512,0.0
0.41600000000000004,0.0,0.0,0.0,0.0,0.0,0.41600000000000004,0.0
0.392,0.0,0.0,0.0,0.0,0.0,0.392,0.0
0.528,0.0,0.0,0.0,0.0,0.0,0.528,0.0
0.784,0.0,0.0,0.0,0.0,0.0,0.784,0.0
0.8765932961860871,0.0,0.0,0.0,0.059406703813912935,0.0,0.9359999999999999,0.00796338330302211
0.0,0.4163184935173304,0.0,0.0,0.568,0.0,0.568,0.131946479991304
0.0,0.7064778562356079,0.0,0.0,0.7120000000000001,0.0,0.7120000000000001,0.19014491885354803
0.0,0.6951364917907279,0.0,0.0,2.176,0.0,2.176,0.384871722071021
0.6183895271256326,0.0,0.0,0.0,2.5816104728743676,0.0,3.2,0.34606117516622803
0.0,0.6642056408420789,0.0,0.0,1.496,0.0,1.496,0.28957246281937604
0.0,0.21334198985311414,0.0,0.0,1.288,0.0,1.288,0.20125273692297102
0.0,0.6446200795241593,0.0,0.0,0.8079999999999999,0.0,0.8079999999999999,0.19472163483691196
0.0,0.17488335077491102,0.0,0.0,1.3519999999999999,0.0,1.3519999999999999,0.20467651966200698
0.08135582789102713,0.0,0.0,0.0,0.8866441721089728,0.0,0.968,0.11885337752472401
2.068653176611675,0.0,0.0,0.0,0.20334682338832508,0.0,2.272,0.027258349548657
3.9360000000000004,0.0,0.0,0.0,0.0,0.0,3.9360000000000004,0.0
2.84,0.0,0.0,0.0,0.0,0.0,2.84,0.0
1.784,0.0,0.0,0.0,0.0,0.0,1.784,0.0
1.704,0.0,0.0,0.0,0.0,0.0,1.704,0.0
1.256,0.0,0.0,0.0,0.0,0.0,1.256,0.0
0.968,0.0,0.0,0.0,0.0,0.0,0.968,0.0
0.816,0.0,0.0,0.0,0.0,0.0,0.816,0.0
0.568,0.0,0.0,0.0,0.0,0.0,0.568,0.0
0.672,0.0,0.0,0.0,0.0,0.0,0.672,0.0
0.4,0.0,0.0,0.0,0.0,0.0,0.4,0.0
0.616,0.0,0.0,0.0,0.0,0.0,0.616,0.0
0.72,0.0,0.0,0.0,0.0,0.0,0.72,0.0
0.648,0.0,0.0,0.0,0.0,0.0,0.648,0.0
0.579981164634308,0.0,0.0,0.0,0.14801883536569194,0.0,0.728,0.0198417122380029
0.0,0.03407305755722356,0.0,0.0,0.768,0.0,0.768,0.10751674111330198
0.0,0.7491018172698038,0.0,0.0,0.8320000000000001,0.0,0.8320000000000001,0.21194442720579798
0.0,0.312259012417446,0.0,0.0,1.296,0.0,1.296,0.215584810201513
0.0,0.700862320965522,0.0,0.0,1.6880000000000002,0.0,1.6880000000000002,0.32022356230342197
0.0,0.6882424741868731,0.0,0.0,1.504,0.0,1.504,0.293866954305367
0.0,2.1645506323209114,0.0,0.0,0.8240000000000001,0.0,0.8240000000000001,0.400610918932803
0.0,1.663860801607826,0.0,0.0,0.488,0.0,0.488,0.28845384910815897
0.0,0.9833482066856344,0.0,0.0,0.7040000000000001,0.0,0.7040000000000001,0.22618660307420999
0.28671277698262,0.0,0.0,0.0,0.68928722301738,0.0,0.976,0.0923979620205347
1.3354955260343309,0.0,0.0,0.0,0.008504473965669137,0.0,1.344,0.0011400125176333198
2.7039999999999997,0.0,0.0,0.0,0.0,0.0,2.7039999999999997,0.0
2.136,0.0,0.0,0.0,0.0,0.0,2.136,0.0
1.632,0.0,0.0,0.0,0.0,0.0,1.632,0.0
1.96,0.0,0.0,0.0,0.0,0.0,1.96,0.0
1.264,0.0,0.0,0.0,0.0,0.0,1.264,0.0
1.24,0.0,0.0,0.0,0.0,0.0,1.24,0.0
1.112,0.0,0.0,0.0,0.0,0.0,1.112,0.0
1.104,0.0,0.0,0.0,0.0,0.0,1.104,0.0
0.8079999999999999,0.0,0.0,0.0,0.0,0.0,0.8079999999999999,0.0
0.632,0.0,0.0,0.0,0.0,0.0,0.632,0.0
0.52,0.0,0.0,0.0,0.0,0.0,0.52,0.0
0.52,0.0,0.0,0.0,0.0,0.0,0.52,0.0
0.536,0.0,0.0,0.0,0.0,0.0,0.536,0.0
0.6989978889884084,0.0,0.0,0.0,0.26900211101159155,0.0,0.968,0.0360593465346535
0.0,0.30553283864865055,0.0,0.0,0.7120000000000001,0.0,0.7120000000000001,0.13639881524067402
0.0,0.9622084795782486,0.0,0.0,0.72,0.0,0.72,0.22549763003915899
0.0,1.3885495153847336,0.0,0.0,0.736,0.0,0.736,0.284792810425146
0.0,0.045184589744853065,0.0,0.0,1.536,0.0,1.536,0.211955522737168
0.0,1.564900180216001,0.0,0.0,0.7040000000000001,0.0,0.7040000000000001,0.30414280967267604
0.0,2.663667170034067,0.0,0.0,0.912,0.0,0.912,0.47931304736596003
0.0,0.8474539879781458,0.0,0.0,0.9279999999999999,0.0,0.9279999999999999,0.23799705648435499
0.0,0.8753869654295683,0.0,0.0,0.8640000000000001,0.0,0.8640000000000001,0.233162323925337
0.681274206130718,0.0,0.0,0.0,0.2227257938692821,0.0,0.904,0.0298560727019431
1.395833500656696,0.0,0.0,0.0,0.20416649934330408,0.0,1.6,0.0273682259328815
3.944,0.0,0.0,0.0,0.0,0.0,3.944,0.0
3.792,0.0,0.0,0.0,0.0,0.0,3.792,0.0
1.368,0.0,0.0,0.0,0.0,0.0,1.368,0.0
1.1520000000000001,0.0,0.0,0.0,0.0,0.0,1.1520000000000001,0.0
0.856,0.0,0.0,0.0,0.0,0.0,0.856,0.0
0.584,0.0,0.0,0.0,0.0,0.0,0.584,0.0
0.552,0.0,0.0,0.0,0.0,0.0,0.552,0.0
0.6559999999999999,0.0,0.0,0.0,0.0,0.0,0.6559999999999999,0.0
0.56,0.0,0.0,0.0,0.0,0.0,0.56,0.0
0.4,0.0,0.0,0.0,0.0,0.0,0.4,0.0
0.4,0.0,0.0,0.0,0.0,0.0,0.4,0.0
0.528,0.0,0.0,0.0,0.0,0.0,0.528,0.0
0.5833427583424555,0.0,0.0,0.0,0.02465724165754451,0.0,0.608,0.0033052678217821803
0.34771287051994,0.0,0.0,0.0,0.40428712948006,0.0,0.752,0.0541941089108911
0.0,0.24366385580756056,0.0,0.0,0.664,0.0,0.664,0.121671035927797
0.0,1.4454830744740215,0.0,0.0,0.672,0.0,0.672,0.283845564172662
0.0,1.8043538584756416,0.0,0.0,1.104,0.0,1.104,0.3898606566089389
0.0,1.5379113727915523,0.0,0.0,1.32,0.0,1.32,0.38309891386829
0.0,1.4234785592606243,0.0,0.0,2.144,0.0,2.144,0.47821537585547796
0.0,2.8035546090629784,0.0,0.0,1.1840000000000002,0.0,1.1840000000000002,0.534525966853326
0.0,1.5164997658513295,0.0,0.0,1.456,0.0,1.456,0.39845932334111206
0.0,0.014920668140324,0.0,0.0,1.6480000000000001,0.0,1.6480000000000001,0.222912126624633
1.4256695730256006,0.0,0.0,0.0,0.9503304269743993,0.0,2.376,0.12739042849823
1.18044286019236,0.0,0.0,0.0,0.035557139807640054,0.0,1.216,0.00476638351008913
2.36,0.0,0.0,0.0,0.0,0.0,2.36,0.0
2.8080000000000003,0.0,0.0,0.0,0.0,0.0,2.8080000000000003,0.0
2.608,0.0,0.0,0.0,0.0,0.0,2.608,0.0
2.144,0.0,0.0,0.0,0.0,0.0,2.144,0.0
1.3119999999999998,0.0,0.0,0.0,0.0,0.0,1.3119999999999998,0.0
1.192,0.0,0.0,0.0,0.0,0.0,1.192,0.0
1.08,0.0,0.0,0.0,0.0,0.0,1.08,0.0
0.6559999999999999,0.0,0.0,0.0,0.0,0.0,0.6559999999999999,0.0
0.584,0.0,0.0,0.0,0.0,0.0,0.584,0.0
0.44799999999999995,0.0,0.0,0.0,0.0,0.0,0.44799999999999995,0.0
0.43200000000000005,0.0,0.0,0.0,0.0,0.0,0.43200000000000005,0.0
0.43200000000000005,0.0,0.0,0.0,0.0,0.0,0.43200000000000005,0.0
0.9840000000000001,0.0,0.0,0.0,0.0,0.0,0.9840000000000001,0.0
0.3960760556694751,0.0,0.0,0.0,0.30792394433052495,0.0,0.7040000000000001,0.0412767623762376
0.0035446531593720243,0.0,0.0,0.0,0.996455346840628,0.0,1.0,0.13357340774357798
0.0,0.04051371355560951,0.0,0.0,1.4,0.0,1.4,0.193098793870744
0.3172057990774537,0.0,0.0,0.0,1.7067942009225463,0.0,2.024,0.228793310665696
0.0,0.0807715426146356,0.0,0.0,1.7280000000000002,0.0,1.7280000000000002,0.242463226819623
2.0955357874256357,0.0,0.0,0.0,1.5764642125743642,0.0,3.6719999999999997,0.21132276295872301
0.37140919189648214,0.0,0.0,0.0,1.6285908081035179,0.0,2.0,0.21831025820472305
0.0,0.30451003068507343,0.0,0.0,1.032,0.0,1.032,0.17915724959287302
0.012678663649770883,0.0,0.0,0.0,0.8513213363502292,0.0,0.8640000000000001,0.11411840213578998
0.48519293086645254,0.0,0.0,0.0,0.3148070691335475,0.0,0.8,0.0421994353678364
2.472,0.0,0.0,0.0,0.0,0.0,2.472,0.0
4.136,0.0,0.0,0.0,0.0,0.0,4.136,0.0
3.3360000000000003,0.0,0.0,0.0,0.0,0.0,3.3360000000000003,0.0
1.536,0.0,0.0,0.0,0.0,0.0,1.536,0.0
1.68,0.0,0.0,0.0,0.0,0.0,1.68,0.0
1.136,0.0,0.0,0.0,0.0,0.0,1.136,0.0
0.784,0.0,0.0,0.0,0.0,0.0,0.784,0.0
0.7040000000000001,0.0,0.0,0.0,0.0,0.0,0.7040000000000001,0.0
0.488,0.0,0.0,0.0,0.0,0.0,0.488,0.0
0.544,0.0,0.0,0.0,0.0,0.0,0.544,0.0
0.424,0.0,0.0,0.0,0.0,0.0,0.424,0.0
0.46399999999999997,0.0,0.0,0.0,0.0,0.0,0.46399999999999997,0.0
0.52,0.0,0.0,0.0,0.0,0.0,0.52,0.0
0.6616574722260485,0.0,0.0,0.0,0.010342527773951466,0.0,0.672,0.00138640099009901
0.14060522626653438,0.0,0.0,0.0,0.4753947737334656,0.0,0.616,0.0637259864703424
0.0,0.8572820056335152,0.0,0.0,0.848,0.0,0.848,0.22859060305961
0.0,1.570758142346485,0.0,0.0,0.904,0.0,0.904,0.331737773762236
0.4677203294740635,0.0,0.0,0.0,3.7322796705259367,0.0,4.2,0.500306728068531
0.46356142990499416,0.0,0.0,0.0,2.080438570095006,0.0,2.544,0.27887980157851694
0.0,1.9297155409067481,0.0,0.0,0.856,0.0,0.856,0.373421166320132
0.0,1.5789163061773133,0.0,0.0,0.9840000000000001,0.0,0.9840000000000001,0.34355524897639
0.0,1.8810538001565793,0.0,0.0,0.528,0.0,0.528,0.32293020108205295
0.0,0.8525289383863434,0.0,0.0,0.672,0.0,0.672,0.204360914063651
1.3880496003513407,0.0,0.0,0.0,0.5479503996486593,0.0,1.936,0.0734519638913966
1.1440000000000001,0.0,0.0,0.0,0.0,0.0,1.1440000000000001,0.0
1.936,0.0,0.0,0.0,0.0,0.0,1.936,0.0
1.344,0.0,0.0,0.0,0.0,0.0,1.344,0.0
1.5759999999999998,0.0,0.0,0.0,0.0,0.0,1.5759999999999998,0.0
1.304,0.0,0.0,0.0,0.0,0.0,1.304,0.0
1.264,0.0,0.0,0.0,0.0,0.0,1.264,0.0
0.8959999999999999,0.0,0.0,0.0,0.0,0.0,0.8959999999999999,0.0
0.536,0.0,0.0,0.0,0.0,0.0,0.536,0.0
0.584,0.0,0.0,0.0,0.0,0.0,0.584,0.0
0.632,0.0,0.0,0.0,0.0,0.0,0.632,0.0
0.376,0.0,0.0,0.0,0.0,0.0,0.376,0.0
0.44799999999999995,0.0,0.0,0.0,0.0,0.0,0.44799999999999995,0.0
0.52,0.0,0.0,0.0,0.0,0.0,0.52,0.0
0.9959513888933464,0.0,0.0,0.0,0.012048611106653615,0.0,1.008,0.00161509900990099
0.4703830759707777,0.0,0.0,0.0,0.4336169240292223,0.0,0.904,0.0581257257352396
0.0,0.6102850812431897,0.0,0.0,0.544,0.0,0.544,0.15473025690320802
0.0,0.8600682057477204,0.0,0.0,0.608,0.0,0.608,0.19679243396451604
0.0,1.5502011653950385,0.0,0.0,0.584,0.0,0.584,0.28608660024353805
0.0,0.512877699937206,0.0,0.0,1.936,0.0,1.936,0.328268537636925
0.0,1.3035372365601412,0.0,0.0,1.024,0.0,1.024,0.312003022838045
0.0,2.6482094262339984,0.0,0.0,1.3519999999999999,0.0,1.3519999999999999,0.536222326915284
0.0,1.7767739778316807,0.0,0.0,1.32,0.0,1.32,0.415118102925661
0.0,0.5840763659788228,0.0,0.0,1.04,0.0,1.04,0.217705103723322
0.08917437365105507,0.0,0.0,0.0,0.7908256263489449,0.0,0.88,0.10600903911780901
1.0595042715394483,0.0,0.0,0.0,0.09249572846055193,0.0,1.1520000000000001,0.0123989195214551
2.6239999999999997,0.0,0.0,0.0,0.0,0.0,2.6239999999999997,0.0
1.84,0.0,0.0,0.0,0.0,0.0,1.84,0.0
1.6,0.0,0.0,0.0,0.0,0.0,1.6,0.0
1.624,0.0,0.0,0.0,0.0,0.0,1.624,0.0
1.16,0.0,0.0,0.0,0.0,0.0,1.16,0.0
1.088,0.0,0.0,0.0,0.0,0.0,1.088,0.0
0.632,0.0,0.0,0.0,0.0,0.0,0.632,0.0
0.35200000000000004,0.0,0.0,0.0,0.0,0.0,0.35200000000000004,0.0
0.4,0.0,0.0,0.0,0.0,0.0,0.4,0.0
0.496,0.0,0.0,0.0,0.0,0.0,0.496,0.0
0.48,0.0,0.0,0.0,0.0,0.0,0.48,0.0
0.616,0.0,0.0,0.0,0.0,0.0,0.616,0.0
0.6289484583433412,0.0,0.0,0.0,0.027051541656658677,0.0,0.6559999999999999,0.0036262202970297
0.2112684220345309,0.0,0.0,0.0,0.5567315779654691,0.0,0.768,0.0746290682297889
0.0,0.7546019584764652,0.0,0.0,0.5920000000000001,0.0,0.5920000000000001,0.18051005801532
0.0,1.2147763669356906,0.0,0.0,0.7759999999999999,0.0,0.7759999999999999,0.266860712053071
0.0,1.588873653379253,0.0,0.0,0.88,0.0,0.88,0.330948966469792
0.0,0.9410914651810292,0.0,0.0,1.76,0.0,1.76,0.362077430539423
0.0,1.9311630335962868,0.0,0.0,0.7440000000000001,0.0,0.7440000000000001,0.358601761534082
0.0,1.6485326605407968,0.0,0.0,0.696,0.0,0.696,0.314281235007151
0.0,1.2606374757826004,0.0,0.0,0.6559999999999999,0.0,0.6559999999999999,0.25692250020138396
0.0,0.047453556641891215,0.0,0.0,1.16,0.0,1.16,0.161857414648964
1.1165189665168898,0.0,0.0,0.0,0.5634810334831101,0.0,1.68,0.0755338230457106
1.568,0.0,0.0,0.0,0.0,0.0,1.568,0.0
4.84,0.0,0.0,0.0,0.0,0.0,4.84,0.0
1.36,0.0,0.0,0.0,0.0,0.0,1.36,0.0
1.624,0.0,0.0,0.0,0.0,0.0,1.624,0.0
1.6159999999999999,0.0,0.0,0.0,0.0,0.0,1.6159999999999999,0.0
1.536,0.0,0.0,0.0,0.0,0.0,1.536,0.0
1.264,0.0,0.0,0.0,0.0,0.0,1.264,0.0
1.064,0.0,0.0,0.0,0.0,0.0,1.064,0.0
0.848,0.0,0.0,0.0,0.0,0.0,0.848,0.0
0.6559999999999999,0.0,0.0,0.0,0.0,0.0,0.6559999999999999,0.0
0.672,0.0,0.0,0.0,0.0,0.0,0.672,0.0
0.46399999999999997,0.0,0.0,0.0,0.0,0.0,0.46399999999999997,0.0
0.488,0.0,0.0,0.0,0.0,0.0,0.488,0.0
0.35565042130678454,0.0,0.0,0.0,0.028349578693215492,0.0,0.384,0.0038002202970297
0.021509308535864413,0.0,0.0,0.0,0.7384906914641356,0.0,0.76,0.0989936162804821
0.0,1.082250900455604,0.0,0.0,0.768,0.0,0.768,0.248023475149265
0.0,2.1706652012851513,0.0,0.0,0.76,0.0,0.76,0.392851460060243
0.0,2.7755401549935974,0.0,0.0,0.976,0.0,0.976,0.502888568341951
0.0,1.879846143300346,0.0,0.0,2.4,0.0,2.4,0.5737072271139809
0.0,3.003434999294286,0.0,0.0,1.368,0.0,1.368,0.5859845816840931
0.0,3.0046659241360816,0.0,0.0,1.056,0.0,1.056,0.544326433607699
0.0,2.3252345793655707,0.0,0.0,1.056,0.0,1.056,0.453249637907275
0.0,1.3507504686778153,0.0,0.0,1.008,0.0,1.008,0.31618711176271996
0.44832189528461064,0.0,0.0,0.0,1.2636781047153893,0.0,1.712,0.169394234546445
1.4169492864615343,0.0,0.0,0.0,0.2710507135384658,0.0,1.6880000000000002,0.0363339587603737
3.752,0.0,0.0,0.0,0.0,0.0,3.752,0.0
2.176,0.0,0.0,0.0,0.0,0.0,2.176,0.0
1.656,0.0,0.0,0.0,0.0,0.0,1.656,0.0
1.3519999999999999,0.0,0.0,0.0,0.0,0.0,1.3519999999999999,0.0
1.0959999999999999,0.0,0.0,0.0,0.0,0.0,1.0959999999999999,0.0
1.36,0.0,0.0,0.0,0.0,0.0,1.36,0.0
1.1840000000000002,0.0,0.0,0.0,0.0,0.0,1.1840000000000002,0.0
0.64,0.0,0.0,0.0,0.0,0.0,0.64,0.0
0.624,0.0,0.0,0.0,0.0,0.0,0.624,0.0
0.512,0.0,0.0,0.0,0.0,0.0,0.512,0.0
0.56,0.0,0.0,0.0,0.0,0.0,0.56,0.0
0.552,0.0,0.0,0.0,0.0,0.0,0.552,0.0
0.44799999999999995,0.0,0.0,0.0,0.0,0.0,0.44799999999999995,0.0
0.10121405840639869,0.0,0.0,0.0,0.45078594159360136,0.0,0.552,0.0604272078748605
0.0,0.684069499347827,0.0,0.0,0.7759999999999999,0.0,0.7759999999999999,0.195720218862493
0.0,0.7385184872959369,0.0,0.0,0.8240000000000001,0.0,0.8240000000000001,0.20945335851947602
0.0,0.4469081503478707,0.0,0.0,1.32,0.0,1.32,0.236851499226904
1.3180095175213085,0.0,0.0,0.0,1.9219904824786918,0.0,3.24,0.257640063058905
0.0,1.0999107489760713,0.0,0.0,1.1840000000000002,0.0,1.1840000000000002,0.306154954850891
0.0,0.748310098756579,0.0,0.0,0.8640000000000001,0.0,0.8640000000000001,0.21612785250551297
0.0,0.590495959395422,0.0,0.0,0.784,0.0,0.784,0.18424920876619
0.0,1.1828842955985381,0.0,0.0,0.84,0.0,0.84,0.271164733764312
0.0,0.32896611059001124,0.0,0.0,1.16,0.0,1.16,0.199593768086849
0.9623026252599134,0.0,0.0,0.0,0.34169737474008666,0.0,1.304,0.0458040422039781
4.208,0.0,0.0,0.0,0.0,0.0,4.208,0.0
2.016,0.0,0.0,0.0,0.0,0.0,2.016,0.0
1.392,0.0,0.0,0.0,0.0,0.0,1.392,0.0
1.3359999999999999,0.0,0.0,0.0,0.0,0.0,1.3359999999999999,0.0
1.0,0.0,0.0,0.0,0.0,0.0,1.0,0.0
1.08,0.0,0.0,0.0,0.0,0.0,1.08,0.0
1.08,0.0,0.0,0.0,0.0,0.0,1.08,0.0
0.856,0.0,0.0,0.0,0.0,0.0,0.856,0.0
0.616,0.0,0.0,0.0,0.0,0.0,0.616,0.0
0.456,0.0,0.0,0.0,0.0,0.0,0.456,0.0
0.72,0.0,0.0,0.0,0.0,0.0,0.72,0.0
0.9840000000000001,0.0,0.0,0.0,0.0,0.0,0.9840000000000001,0.0
0.6478315370518977,0.0,0.0,0.0,0.04016846294810229,0.0,0.688,0.00538452475247525
0.0,0.11121800249289138,0.0,0.0,0.46399999999999997,0.0,0.46399999999999997,0.0771071468802286
0.0,0.4229286058541143,0.0,0.0,0.6,0.0,0.6,0.137122110083047
0.0,0.8839408428483138,0.0,0.0,0.784,0.0,0.784,0.223585073832293
0.0,0.9200437227800976,0.0,0.0,0.848,0.0,0.848,0.237003721080089
0.0,0.7272838018499139,0.0,0.0,1.8319999999999999,0.0,1.8319999999999999,0.34306831698973106
0.0,2.3138255710036244,0.0,0.0,0.96,0.0,0.96,0.438851614639346
0.0,1.9101058376623323,0.0,0.0,1.4240000000000002,0.0,1.4240000000000002,0.44693209778675896
0.0,1.4617676930559032,0.0,0.0,1.5519999999999998,0.0,1.5519999999999998,0.40399122969768503
0.0,0.8189274857683466,0.0,0.0,1.32,0.0,1.32,0.286720156699783
0.0,0.2252394171125951,0.0,0.0,1.304,0.0,1.304,0.20499234696986604
3.10161205579367,0.0,0.0,0.0,0.43438794420633015,0.0,3.536,0.058229079882339004
4.624,0.0,0.0,0.0,0.0,0.0,4.624,0.0
1.864,0.0,0.0,0.0,0.0,0.0,1.864,0.0
1.68,0.0,0.0,0.0,0.0,0.0,1.68,0.0
1.48,0.0,0.0,0.0,0.0,0.0,1.48,0.0
2.0,0.0,0.0,0.0,0.0,0.0,2.0,0.0
1.36,0.0,0.0,0.0,0.0,0.0,1.36,0.0
1.0959999999999999,0.0,0.0,0.0,0.0,0.0,1.0959999999999999,0.0
1.008,0.0,0.0,0.0,0.0,0.0,1.008,0.0
0.992,0.0,0.0,0.0,0.0,0.0,0.992,0.0
0.528,0.0,0.0,0.0,0.0,0.0,0.528,0.0
0.552,0.0,0.0,0.0,0.0,0.0,0.552,0.0
0.608,0.0,0.0,0.0,0.0,0.0,0.608,0.0
0.5810167037225654,0.0,0.0,0.0,0.05098329627743458,0.0,0.632,0.006834237623762379
0.0,0.017651154271992486,0.0,0.0,0.664,0.0,0.664,0.0913743579751356
0.0,1.2837191932016823,0.0,0.0,0.7759999999999999,0.0,0.7759999999999999,0.276102398871271
0.0,1.6648698895111917,0.0,0.0,0.992,0.0,0.992,0.356149591849271
0.0,1.3190276610915408,0.0,0.0,1.08,0.0,1.08,0.321586211543862
0.4933702037331462,0.0,0.0,0.0,1.1786297962668537,0.0,1.672,0.15799363097869198
0.0,0.366354417749831,0.0,0.0,1.5519999999999998,0.0,1.5519999999999998,0.25715265380554503
0.0,1.2164380567669881,0.0,0.0,1.48,0.0,1.48,0.361453647826573
0.0,1.2676473900262943,0.0,0.0,0.8240000000000001,0.0,0.8240000000000001,0.28038232778779804
0.0,0.875096850838317,0.0,0.0,1.08,0.0,1.08,0.262077924177148
0.1365136370790183,0.0,0.0,0.0,1.0074863629209818,0.0,1.1440000000000001,0.135052099602073
1.7882605980289241,0.0,0.0,0.0,0.07573940197107595,0.0,1.864,0.010152758027555999
3.312,0.0,0.0,0.0,0.0,0.0,3.312,0.0
2.928,0.0,0.0,0.0,0.0,0.0,2.928,0.0
1.264,0.0,0.0,0.0,0.0,0.0,1.264,0.0
1.4480000000000002,0.0,0.0,0.0,0.0,0.0,1.4480000000000002,0.0
1.6480000000000001,0.0,0.0,0.0,0.0,0.0,1.6480000000000001,0.0
1.3519999999999999,0.0,0.0,0.0,0.0,0.0,1.3519999999999999,0.0
1.104,0.0,0.0,0.0,0.0,0.0,1.104,0.0
0.8320000000000001,0.0,0.0,0.0,0.0,0.0,0.8320000000000001,0.0
0.9840000000000001,0.0,0.0,0.0,0.0,0.0,0.9840000000000001,0.0
0.616,0.0,0.0,0.0,0.0,0.0,0.616,0.0
0.608,0.0,0.0,0.0,0.0,0.0,0.608,0.0
0.6,0.0,0.0,0.0,0.0,0.0,0.6,0.0
0.7243612592783634,0.0,0.0,0.0,0.05163874072163651,0.0,0.7759999999999999,0.00692209900990099
0.0,0.2428097787050515,0.0,0.0,0.584,0.0,0.584,0.11083266304657699
0.16232048534954502,0.0,0.0,0.0,1.829679514650455,0.0,1.992,0.24526591043478602
0.0,0.6005754207559142,0.0,0.0,2.336,0.0,2.336,0.393643716489721
0.0,0.2950324031244036,0.0,0.0,3.128,0.0,3.128,0.458852576135701
0.0,1.3479378908064028,0.0,0.0,2.336,0.0,2.336,0.493826581944572
0.0,1.9768402800047482,0.0,0.0,1.8880000000000001,0.0,1.8880000000000001,0.518076287333571
0.0,1.959152211003362,0.0,0.0,1.504,0.0,1.504,0.464230578746055
0.0,1.8964905798152931,0.0,0.0,0.9840000000000001,0.0,0.9840000000000001,0.3861256241327
0.7643475886714031,0.0,0.0,0.0,1.763652411328597,0.0,2.528,0.236415072088541
0.9161068182580917,0.0,0.0,0.0,0.7958931817419083,0.0,1.712,0.10668833763822301
1.311714949911515,0.0,0.0,0.0,0.096285050088485,0.0,1.4080000000000001,0.012906872641968001
2.8160000000000003,0.0,0.0,0.0,0.0,0.0,2.8160000000000003,0.0
1.8559999999999999,0.0,0.0,0.0,0.0,0.0,1.8559999999999999,0.0
1.672,0.0,0.0,0.0,0.0,0.0,1.672,0.0
1.496,0.0,0.0,0.0,0.0,0.0,1.496,0.0
1.272,0.0,0.0,0.0,0.0,0.0,1.272,0.0
0.8320000000000001,0.0,0.0,0.0,0.0,0.0,0.8320000000000001,0.0
0.816,0.0,0.0,0.0,0.0,0.0,0.816,0.0
0.5760000000000001,0.0,0.0,0.0,0.0,0.0,0.5760000000000001,0.0
0.48,0.0,0.0,0.0,0.0,0.0,0.48,0.0
0.496,0.0,0.0,0.0,0.0,0.0,0.496,0.0
0.584,0.0,0.0,0.0,0.0,0.0,0.584,0.0
0.664,0.0,0.0,0.0,0.0,0.0,0.664,0.0
0.6771621574854088,0.0,0.0,0.0,0.2108378425145912,0.0,0.888,0.0282625099009901
0.1532869619865953,0.0,0.0,0.0,0.6387130380134047,0.0,0.792,0.0856185651752533
0.0,0.7253052741051595,0.0,0.0,0.48,0.0,0.48,0.16156944046112198
0.0,0.9176600908409202,0.0,0.0,0.7440000000000001,0.0,0.7440000000000001,0.22274314804858397
0.0,0.5681662839798476,0.0,0.0,1.368,0.0,1.368,0.259540308885283
0.6340420715321362,0.0,0.0,0.0,2.0699579284678635,0.0,2.7039999999999997,0.277474886624811
0.0,0.4762205899873291,0.0,0.0,1.5919999999999999,0.0,1.5919999999999999,0.277241998897343
0.0,3.045467723427797,0.0,0.0,0.752,0.0,0.752,0.509045092911349
0.0,1.7389880502782402,0.0,0.0,1.376,0.0,1.376,0.41755967317092
0.0,0.09668331938955488,0.0,0.0,2.024,0.0,2.024,0.28427455240614097
1.9480709561227343,0.0,0.0,0.0,1.2039290438772654,0.0,3.1519999999999997,0.161384958776155
2.599292660152655,0.0,0.0,0.0,0.28870733984734487,0.0,2.888,0.0387008041516997
4.096,0.0,0.0,0.0,0.0,0.0,4.096,0.0
2.248,0.0,0.0,0.0,0.0,0.0,2.248,0.0
2.072,0.0,0.0,0.0,0.0,0.0,2.072,0.0
1.6880000000000002,0.0,0.0,0.0,0.0,0.0,1.6880000000000002,0.0
1.048,0.0,0.0,0.0,0.0,0.0,1.048,0.0
0.912,0.0,0.0,0.0,0.0,0.0,0.912,0.0
0.88,0.0,0.0,0.0,0.0,0.0,0.88,0.0
0.72,0.0,0.0,0.0,0.0,0.0,0.72,0.0
0.48,0.0,0.0,0.0,0.0,0.0,0.48,0.0
0.44,0.0,0.0,0.0,0.0,0.0,0.44,0.0
0.44,0.0,0.0,0.0,0.0,0.0,0.44,0.0
0.5920000000000001,0.0,0.0,0.0,0.0,0.0,0.5920000000000001,0.0
0.43355023156673855,0.0,0.0,0.0,0.23044976843326148,0.0,0.664,0.0308914603960396
0.0,0.5857163870112219,0.0,0.0,0.512,0.0,0.512,0.147147304707582
0.0,1.3759466527790143,0.0,0.0,0.536,0.0,0.536,0.256293702116555
0.0,3.080394970274768,0.0,0.0,0.584,0.0,0.584,0.49120688152252207
0.0,3.675771743071893,0.0,0.0,0.8240000000000001,0.0,0.8240000000000001,0.6031879378198609
0.0,2.0006358011796035,0.0,0.0,1.544,0.0,1.544,0.47515333695045503
0.0,1.2024392636140282,0.0,0.0,1.28,0.0,1.28,0.332767417033508
0.0,1.5419145765216276,0.0,0.0,0.8959999999999999,0.0,0.8959999999999999,0.326798946692609
0.0,0.8524346472692975,0.0,0.0,0.664,0.0,0.664,0.20327588596760998
0.0,0.20329835341506597,0.0,0.0,0.728,0.0,0.728,0.124839206378938
1.1592100825759317,0.0,0.0,0.0,0.4807899174240682,0.0,1.64,0.064449197731444
0.9601497514684785,0.0,0.0,0.0,0.15985024853152163,0.0,1.12,0.0214276961759614
5.904,0.0,0.0,0.0,0.0,0.0,5.904,0.0
2.312,0.0,0.0,0.0,0.0,0.0,2.312,0.0
1.536,0.0,0.0,0.0,0.0,0.0,1.536,0.0
1.8319999999999999,0.0,0.0,0.0,0.0,0.0,1.8319999999999999,0.0
1.368,0.0,0.0,0.0,0.0,0.0,1.368,0.0
0.9840000000000001,0.0,0.0,0.0,0.0,0.0,0.9840000000000001,0.0
0.752,0.0,0.0,0.0,0.0,0.0,0.752,0.0
0.5760000000000001,0.0,0.0,0.0,0.0,0.0,0.5760000000000001,0.0
0.536,0.0,0.0,0.0,0.0,0.0,0.536,0.0
0.48,0.0,0.0,0.0,0.0,0.0,0.48,0.0
0.376,0.0,0.0,0.0,0.0,0.0,0.376,0.0
0.56,0.0,0.0,0.0,0.0,0.0,0.56,0.0
0.3657629815592607,0.0,0.0,0.0,0.2102370184407394,0.0,0.5760000000000001,0.0281819702970297
0.08550490763326568,0.0,0.0,0.0,0.6104950923667343,0.0,0.696,0.0818359900990099
0.0,0.7211790907622744,0.0,0.0,0.44799999999999995,0.0,0.44799999999999995,0.156726777482617
0.0,0.9032236038565393,0.0,0.0,1.008,0.0,1.008,0.256196778447224
0.0,1.5195121585400087,0.0,0.0,0.8240000000000001,0.0,0.8240000000000001,0.31414443817999105
0.0,1.3318603162123188,0.0,0.0,1.3519999999999999,0.0,1.3519999999999999,0.35976761977430893
0.0,1.156062289533481,0.0,0.0,1.4240000000000002,0.0,1.4240000000000002,0.345853643413491
0.0,0.3943001259094283,0.0,0.0,1.84,0.0,1.84,0.299504722099063
0.0,0.7389171725421588,0.0,0.0,1.128,0.0,1.128,0.250257564979824
0.6802668272957657,0.0,0.0,0.0,1.3357331727042343,0.0,2.016,0.17905311289657
1.8815811645322769,0.0,0.0,0.0,0.7984188354677234,0.0,2.68,0.107026897891833
3.254395219394162,0.0,0.0,0.0,0.13760478060583797,0.0,3.392,0.0184457231581988
2.344,0.0,0.0,0.0,0.0,0.0,2.344,0.0
1.8880000000000001,0.0,0.0,0.0,0.0,0.0,1.8880000000000001,0.0
1.48,0.0,0.0,0.0,0.0,0.0,1.48,0.0
1.6,0.0,0.0,0.0,0.0,0.0,1.6,0.0
1.44,0.0,0.0,0.0,0.0,0.0,1.44,0.0
0.9840000000000001,0.0,0.0,0.0,0.0,0.0,0.9840000000000001,0.0
0.76,0.0,0.0,0.0,0.0,0.0,0.76,0.0
0.664,0.0,0.0,0.0,0.0,0.0,0.664,0.0
0.624,0.0,0.0,0.0,0.0,0.0,0.624,0.0
0.768,0.0,0.0,0.0,0.0,0.0,0.768,0.0
0.544,0.0,0.0,0.0,0.0,0.0,0.544,0.0
0.536,0.0,0.0,0.0,0.0,0.0,0.536,0.0
0.36688081489514035,0.0,0.0,0.0,0.21711918510485959,0.0,0.584,0.0291045148514851
0.0,0.10380364274920939,0.0,0.0,0.7440000000000001,0.0,0.7440000000000001,0.11364686036206599
0.0,0.631971026051677,0.0,0.0,0.584,0.0,0.584,0.162999169187212
0.0,1.3146668802034693,0.0,0.0,0.688,0.0,0.688,0.268454618274793
0.0,1.396582568289489,0.0,0.0,0.536,0.0,0.536,0.25905991694533
0.0,2.139016273826038,0.0,0.0,0.912,0.0,0.912,0.408984348438885
0.0,1.428381436906415,0.0,0.0,1.3359999999999999,0.0,1.3359999999999999,0.3705613603273039
0.0,1.91330738270533,0.0,0.0,0.688,0.0,0.688,0.348701517632633
0.0,1.9390403779390153,0.0,0.0,0.728,0.0,0.728,0.35751293121217204
0.0,0.730225265246479,0.0,0.0,0.632,0.0,0.632,0.18260433984351299
0.8993966171879277,0.0,0.0,0.0,0.7246033828120724,0.0,1.624,0.0971320425060783
1.4574992306723982,0.0,0.0,0.0,0.07850076932760185,0.0,1.536,0.0105229153547383
2.552,0.0,0.0,0.0,0.0,0.0,2.552,0.0
2.24,0.0,0.0,0.0,0.0,0.0,2.24,0.0
1.864,0.0,0.0,0.0,0.0,0.0,1.864,0.0
2.3680000000000003,0.0,0.0,0.0,0.0,0.0,2.3680000000000003,0.0
1.064,0.0,0.0,0.0,0.0,0.0,1.064,0.0
0.76,0.0,0.0,0.0,0.0,0.0,0.76,0.0
0.72,0.0,0.0,0.0,0.0,0.0,0.72,0.0
0.608,0.0,0.0,0.0,0.0,0.0,0.608,0.0
0.43200000000000005,0.0,0.0,0.0,0.0,0.0,0.43200000000000005,0.0
0.376,0.0,0.0,0.0,0.0,0.0,0.376,0.0
0.408,0.0,0.0,0.0,0.0,0.0,0.408,0.0
0.512,0.0,0.0,0.0,0.0,0.0,0.512,0.0
0.7096098704363675,0.0,0.0,0.0,0.1783901295636325,0.0,0.888,0.0239129405940594
0.23575360053994998,0.0,0.0,0.0,0.6842463994600501,0.0,0.92,0.0917222468642846
0.0,0.5837945420248306,0.0,0.0,0.616,0.0,0.616,0.160830734742431
0.0,1.4086200876853787,0.0,0.0,0.76,0.0,0.76,0.29070040733058805
0.0,0.4789326365328137,0.0,0.0,1.6159999999999999,0.0,1.6159999999999999,0.280822710362436
0.0,0.9573456664726927,0.0,0.0,1.016,0.0,1.016,0.264524151696822
0.0,0.8439777709367291,0.0,0.0,1.248,0.0,1.248,0.280426614874219
0.0,0.7282255365794053,0.0,0.0,1.016,0.0,1.016,0.23381092743691698
0.0,0.729987860038862,0.0,0.0,0.7120000000000001,0.0,0.7120000000000001,0.19329640108907603
0.0,0.17033503749188061,0.0,0.0,1.032,0.0,1.032,0.161171284510132
0.2553953934825962,0.0,0.0,0.0,0.8166046065174039,0.0,1.072,0.10946467437549799
1.1380089229677843,0.0,0.0,0.0,0.3339910770322157,0.0,1.472,0.0447710240670485
5.32,0.0,0.0,0.0,0.0,0.0,5.32,0.0
2.648,0.0,0.0,0.0,0.0,0.0,2.648,0.0
3.616,0.0,0.0,0.0,0.0,0.0,3.616,0.0
1.92,0.0,0.0,0.0,0.0,0.0,1.92,0.0
1.4080000000000001,0.0,0.0,0.0,0.0,0.0,1.4080000000000001,0.0
1.104,0.0,0.0,0.0,0.0,0.0,1.104,0.0
0.8640000000000001,0.0,0.0,0.0,0.0,0.0,0.8640000000000001,0.0
0.6559999999999999,0.0,0.0,0.0,0.0,0.0,0.6559999999999999,0.0
0.536,0.0,0.0,0.0,0.0,0.0,0.536,0.0
0.488,0.0,0.0,0.0,0.0,0.0,0.488,0.0
0.384,0.0,0.0,0.0,0.0,0.0,0.384,0.0
0.496,0.0,0.0,0.0,0.0,0.0,0.496,0.0
0.40320950932910443,0.0,0.0,0.0,0.18879049067089565,0.0,0.5920000000000001,0.0253070940594059
0.13270472241582,0.0,0.0,0.0,0.5232952775841799,0.0,0.6559999999999999,0.0701469801980198
0.0,0.4235797259859241,0.0,0.0,0.56,0.0,0.56,0.13184744926502698
0.0,1.026381317953369,0.0,0.0,0.5760000000000001,0.0,0.5760000000000001,0.21479691370245602
0.0,1.1656325874106366,0.0,0.0,0.616,0.0,0.616,0.23882528886215
0.0,1.3504168218245183,0.0,0.0,1.016,0.0,1.016,0.31721477538860904
0.0,1.2974149582248793,0.0,0.0,0.872,0.0,0.872,0.29080695858450295
0.0034286803588643444,0.0,0.0,0.0,1.9165713196411356,0.0,1.92,0.25691363206566004
0.0,0.03003752053190989,0.0,0.0,1.8719999999999999,0.0,1.8719999999999999,0.254965397174217
0.0,0.26985285887665555,0.0,0.0,1.072,0.0,1.072,0.179873448036487
0.21416001907509175,0.0,0.0,0.0,0.6738399809249083,0.0,0.888,0.09032728140943302
1.2310997226868725,0.0,0.0,0.0,0.1689002773131274,0.0,1.4,0.022640839532931
2.656,0.0,0.0,0.0,0.0,0.0,2.656,0.0
2.944,0.0,0.0,0.0,0.0,0.0,2.944,0.0
1.5919999999999999,0.0,0.0,0.0,0.0,0.0,1.5919999999999999,0.0
1.536,0.0,0.0,0.0,0.0,0.0,1.536,0.0
2.2319999999999998,0.0,0.0,0.0,0.0,0.0,2.2319999999999998,0.0
1.608,0.0,0.0,0.0,0.0,0.0,1.608,0.0
1.04,0.0,0.0,0.0,0.0,0.0,1.04,0.0
0.9840000000000001,0.0,0.0,0.0,0.0,0.0,0.9840000000000001,0.0
0.72,0.0,0.0,0.0,0.0,0.0,0.72,0.0
0.528,0.0,0.0,0.0,0.0,0.0,0.528,0.0
0.35200000000000004,0.0,0.0,0.0,0.0,0.0,0.35200000000000004,0.0
0.52,0.0,0.0,0.0,0.0,0.0,0.52,0.0
0.3888155927003191,0.0,0.0,0.0,0.2911844072996809,0.0,0.68,0.0390328514851485
0.04253573447483039,0.0,0.0,0.0,0.9334642655251696,0.0,0.976,0.12512954378576402
0.0,0.6752559980360668,0.0,0.0,1.048,0.0,1.048,0.230999990919867
0.0,0.6923631364048899,0.0,0.0,1.8719999999999999,0.0,1.8719999999999999,0.343749194489891
1.1234019110118645,0.0,0.0,0.0,2.9165980889881356,0.0,4.04,0.39096578386553793
1.1052866685219147,0.0,0.0,0.0,3.2627133314780856,0.0,4.368,0.437362034894709
0.0,1.1318176300648437,0.0,0.0,2.176,0.0,2.176,0.44340820132376096
0.0,1.1120770996233276,0.0,0.0,2.048,0.0,2.048,0.423603795461033
0.0,0.6101449439428059,0.0,0.0,1.8880000000000001,0.0,1.8880000000000001,0.334872740918916
0.625531817437466,0.0,0.0,0.0,1.6144681825625342,0.0,2.24,0.216417140539414
0.016316450208142874,0.0,0.0,0.0,0.9436835497918571,0.0,0.96,0.126499424160765
2.022515199669798,0.0,0.0,0.0,0.16948480033020205,0.0,2.1919999999999997,0.0227191940036484
2.656,0.0,0.0,0.0,0.0,0.0,2.656,0.0
2.096,0.0,0.0,0.0,0.0,0.0,2.096,0.0
2.24,0.0,0.0,0.0,0.0,0.0,2.24,0.0
2.168,0.0,0.0,0.0,0.0,0.0,2.168,0.0
1.216,0.0,0.0,0.0,0.0,0.0,1.216,0.0
1.112,0.0,0.0,0.0,0.0,0.0,1.112,0.0
0.688,0.0,0.0,0.0,0.0,0.0,0.688,0.0
0.48,0.0,0.0,0.0,0.0,0.0,0.48,0.0
0.368,0.0,0.0,0.0,0.0,0.0,0.368,0.0
0.424,0.0,0.0,0.0,0.0,0.0,0.424,0.0
0.41600000000000004,0.0,0.0,0.0,0.0,0.0,0.41600000000000004,0.0
0.608,0.0,0.0,0.0,0.0,0.0,0.608,0.0
0.5920641760294911,0.0,0.0,0.0,0.27993582397050887,0.0,0.872,0.0375249950495049
0.0,0.466641098179835,0.0,0.0,0.688,0.0,0.688,0.15477798046211402
0.0,1.894897095918512,0.0,0.0,0.41600000000000004,0.0,0.41600000000000004,0.309772435890138
0.0,2.7752047954653682,0.0,0.0,0.5920000000000001,0.0,0.5920000000000001,0.45136896553053707
0.0,3.42973570656287,0.0,0.0,0.7040000000000001,0.0,0.7040000000000001,0.554121332970499
0.0,3.931516131882868,0.0,0.0,0.6,0.0,0.6,0.607443227536217
0.0,3.2606072603396994,0.0,0.0,1.1440000000000001,0.0,1.1440000000000001,0.590431275622205
0.0,3.347702547528748,0.0,0.0,0.64,0.0,0.64,0.5345457977921351
0.0,2.223835232872208,0.0,0.0,1.168,0.0,1.168,0.454670640281019
0.0,1.9961785215520842,0.0,0.0,0.7040000000000001,0.0,0.7040000000000001,0.361955051757491
0.0,0.7631879327386395,0.0,0.0,0.784,0.0,0.784,0.207398319704832
2.2009349086339802,0.0,0.0,0.0,0.4150650913660198,0.0,2.616,0.0556388792181634
3.8480000000000003,0.0,0.0,0.0,0.0,0.0,3.8480000000000003,0.0
3.2,0.0,0.0,0.0,0.0,0.0,3.2,0.0
2.488,0.0,0.0,0.0,0.0,0.0,2.488,0.0
2.592,0.0,0.0,0.0,0.0,0.0,2.592,0.0
1.136,0.0,0.0,0.0,0.0,0.0,1.136,0.0
1.008,0.0,0.0,0.0,0.0,0.0,1.008,0.0
0.512,0.0,0.0,0.0,0.0,0.0,0.512,0.0
0.496,0.0,0.0,0.0,0.0,0.0,0.496,0.0
0.664,0.0,0.0,0.0,0.0,0.0,0.664,0.0
0.608,0.0,0.0,0.0,0.0,0.0,0.608,0.0
0.47200000000000003,0.0,0.0,0.0,0.0,0.0,0.47200000000000003,0.0
0.488,0.0,0.0,0.0,0.0,0.0,0.488,0.0
0.2631704167764815,0.0,0.0,0.0,0.29682958322351854,0.0,0.56,0.0397895792079208
0.0,0.7479516536999533,0.0,0.0,0.488,0.0,0.488,0.165677543619441
0.0,2.075031016214568,0.0,0.0,0.4,0.0,0.4,0.33177435211224393
0.0,2.7891940439218077,0.0,0.0,0.688,0.0,0.688,0.466112866276379
0.0,3.4562322727478816,0.0,0.0,0.7120000000000001,0.0,0.7120000000000001,0.558745548110087
0.0,2.9147075551293335,0.0,0.0,1.64,0.0,1.64,0.610552004505778
0.0,2.777703072125001,0.0,0.0,1.7919999999999998,0.0,1.7919999999999998,0.612562132016598
0.0,2.922761662953734,0.0,0.0,1.296,0.0,1.296,0.565518940277032
0.0,2.72672836615005,0.0,0.0,0.8959999999999999,0.0,0.8959999999999999,0.48562153309753997
0.0,0.6443464641246921,0.0,0.0,2.064,0.0,2.064,0.36304995272534296
2.0387061806534543,0.0,0.0,0.0,1.5772938193465458,0.0,3.616,0.21143397055472699
2.7608945967017684,0.0,0.0,0.0,0.41510540329823187,0.0,3.176,0.0556442829747646
3.208,0.0,0.0,0.0,0.0,0.0,3.208,0.0
2.424,0.0,0.0,0.0,0.0,0.0,2.424,0.0
2.272,0.0,0.0,0.0,0.0,0.0,2.272,0.0
2.032,0.0,0.0,0.0,0.0,0.0,2.032,0.0
1.064,0.0,0.0,0.0,0.0,0.0,1.064,0.0
0.9840000000000001,0.0,0.0,0.0,0.0,0.0,0.9840000000000001,0.0
0.88,0.0,0.0,0.0,0.0,0.0,0.88,0.0
0.88,0.0,0.0,0.0,0.0,0.0,0.88,0.0
0.696,0.0,0.0,0.0,0.0,0.0,0.696,0.0
0.56,0.0,0.0,0.0,0.0,0.0,0.56,0.0
0.41600000000000004,0.0,0.0,0.0,0.0,0.0,0.41600000000000004,0.0
0.44,0.0,0.0,0.0,0.0,0.0,0.44,0.0
0.1931327038216718,0.0,0.0,0.0,0.3188672961783282,0.0,0.512,0.042743702970297004
0.0,0.27624659741717683,0.0,0.0,0.5920000000000001,0.0,0.5920000000000001,0.116387209067109
0.0,0.8257019449289308,0.0,0.0,0.84,0.0,0.84,0.22328495278258398
0.0,0.45498025941391296,0.0,0.0,1.936,0.0,1.936,0.32050746890981396
0.0,2.8038359284243453,0.0,0.0,0.64,0.0,0.64,0.46164125881596707
0.0,1.4973376689218632,0.0,0.0,1.6880000000000002,0.0,1.6880000000000002,0.42698993848635397
0.0,3.4976988901733357,0.0,0.0,0.736,0.0,0.736,0.567521254127109
0.0,2.741738943237696,0.0,0.0,0.816,0.0,0.816,0.476909794319465
0.0,3.04154943500585,0.0,0.0,0.784,0.0,0.784,0.5128094060064071
0.0,1.2101783690861188,0.0,0.0,1.248,0.0,1.248,0.329515278975064
2.0292382881055864,0.0,0.0,0.0,1.426761711894414,0.0,3.4560000000000004,0.19125535780408498
2.499246133582896,0.0,0.0,0.0,0.46875386641710376,0.0,2.968,0.0628357823848626
3.352,0.0,0.0,0.0,0.0,0.0,3.352,0.0
2.256,0.0,0.0,0.0,0.0,0.0,2.256,0.0
2.008,0.0,0.0,0.0,0.0,0.0,2.008,0.0
1.5119999999999998,0.0,0.0,0.0,0.0,0.0,1.5119999999999998,0.0
1.224,0.0,0.0,0.0,0.0,0.0,1.224,0.0
0.96,0.0,0.0,0.0,0.0,0.0,0.96,0.0
0.752,0.0,0.0,0.0,0.0,0.0,0.752,0.0
0.672,0.0,0.0,0.0,0.0,0.0,0.672,0.0
0.552,0.0,0.0,0.0,0.0,0.0,0.552,0.0
0.392,0.0,0.0,0.0,0.0,0.0,0.392,0.0
0.52,0.0,0.0,0.0,0.0,0.0,0.52,0.0
0.44799999999999995,0.0,0.0,0.0,0.0,0.0,0.44799999999999995,0.0
0.5139522500466325,0.0,0.0,0.0,0.12604774995336748,0.0,0.64,0.0168965198019802
0.555483124541296,0.0,0.0,0.0,0.636516875458704,0.0,1.192,0.0853241727397866
0.0,1.1116751270924055,0.0,0.0,0.608,0.0,0.608,0.230519980314122
0.0,1.693631036178421,0.0,0.0,0.608,0.0,0.608,0.30853033389353196
0.0,1.5997874786055553,0.0,0.0,1.048,0.0,1.048,0.354932107715095
0.0,1.7680695876379418,0.0,0.0,1.168,0.0,1.168,0.39357591028693295
0.0,2.211230436110171,0.0,0.0,1.032,0.0,1.032,0.43475038075962397
0.0,1.845858831854479,0.0,0.0,0.792,0.0,0.792,0.353601186881534
0.0,1.485001367418242,0.0,0.0,0.888,0.0,0.888,0.318097424266138
0.0,0.23258054137360618,0.0,0.0,1.224,0.0,1.224,0.19525252905826002
0.1446260132135999,0.0,0.0,0.0,1.1913739867864,0.0,1.3359999999999999,0.15970197140962697
0.7762582504879281,0.0,0.0,0.0,0.4637417495120719,0.0,1.24,0.0621639153141133
1.9680000000000002,0.0,0.0,0.0,0.0,0.0,1.9680000000000002,0.0
1.8719999999999999,0.0,0.0,0.0,0.0,0.0,1.8719999999999999,0.0
1.3519999999999999,0.0,0.0,0.0,0.0,0.0,1.3519999999999999,0.0
1.288,0.0,0.0,0.0,0.0,0.0,1.288,0.0
1.136,0.0,0.0,0.0,0.0,0.0,1.136,0.0
0.9520000000000001,0.0,0.0,0.0,0.0,0.0,0.9520000000000001,0.0
0.912,0.0,0.0,0.0,0.0,0.0,0.912,0.0
0.8,0.0,0.0,0.0,0.0,0.0,0.8,0.0
0.672,0.0,0.0,0.0,0.0,0.0,0.672,0.0
0.496,0.0,0.0,0.0,0.0,0.0,0.496,0.0
0.43200000000000005,0.0,0.0,0.0,0.0,0.0,0.43200000000000005,0.0
0.664,0.0,0.0,0.0,0.0,0.0,0.664,0.0
0.8343851667220183,0.0,0.0,0.0,0.1496148332779817,0.0,0.9840000000000001,0.0200556534653465
0.0,0.29755336155884804,0.0,0.0,0.536,0.0,0.536,0.11173663064034699
0.0,1.2430307877533104,0.0,0.0,0.47200000000000003,0.0,0.47200000000000003,0.22989741329774
0.0,2.0299417460240896,0.0,0.0,0.512,0.0,0.512,0.34074363931974894
0.0,2.5939020302950753,0.0,0.0,0.536,0.0,0.536,0.419558870766863
0.0,2.6980488949053303,0.0,0.0,0.792,0.0,0.792,0.467836040583536
0.0,2.380746099818308,0.0,0.0,1.104,0.0,1.104,0.467125208520077
0.0,1.8180779853593256,0.0,0.0,1.328,0.0,1.328,0.42172723430496795
0.0,2.017690776183009,0.0,0.0,0.688,0.0,0.688,0.36269396157190203
0.0,1.1758789874880107,0.0,0.0,0.8079999999999999,0.0,0.8079999999999999,0.265936128246834
0.0,0.40160896638320764,0.0,0.0,0.76,0.0,0.76,0.155712013184788
0.6115033535289056,0.0,0.0,0.0,0.4044966464710944,0.0,1.016,0.0542221943625487
2.1919999999999997,0.0,0.0,0.0,0.0,0.0,2.1919999999999997,0.0
2.7439999999999998,0.0,0.0,0.0,0.0,0.0,2.7439999999999998,0.0
2.2319999999999998,0.0,0.0,0.0,0.0,0.0,2.2319999999999998,0.0
2.1919999999999997,0.0,0.0,0.0,0.0,0.0,2.1919999999999997,0.0
1.44,0.0,0.0,0.0,0.0,0.0,1.44,0.0
0.7440000000000001,0.0,0.0,0.0,0.0,0.0,0.7440000000000001,0.0
0.504,0.0,0.0,0.0,0.0,0.0,0.504,0.0
0.41600000000000004,0.0,0.0,0.0,0.0,0.0,0.41600000000000004,0.0
0.47200000000000003,0.0,0.0,0.0,0.0,0.0,0.47200000000000003,0.0
0.48,0.0,0.0,0.0,0.0,0.0,0.48,0.0
0.528,0.0,0.0,0.0,0.0,0.0,0.528,0.0
0.768,0.0,0.0,0.0,0.0,0.0,0.768,0.0
0.8479975371317479,0.0,0.0,0.0,0.2560024628682523,0.0,1.104,0.0343167623762376
0.0,0.12675472413212252,0.0,0.0,0.76,0.0,0.76,0.118868196864609
0.0,0.6447345527317174,0.0,0.0,1.112,0.0,1.112,0.235487743081774
0.0,1.653883172849441,0.0,0.0,0.904,0.0,0.904,0.342880564684351
0.0,2.3197172368336463,0.0,0.0,1.104,0.0,1.104,0.45894437711059793
0.0,2.214103628741284,0.0,0.0,1.6,0.0,1.6,0.511275112119603
0.0,2.899524699655721,0.0,0.0,0.872,0.0,0.872,0.505567467844259
0.0,2.2519984481028508,0.0,0.0,0.872,0.0,0.872,0.41876750405503793
0.0,0.9666311763252231,0.0,0.0,1.64,0.0,1.64,0.349415164519257
0.0,0.940420182119367,0.0,0.0,0.968,0.0,0.968,0.25582098379073104
0.1858435286246254,0.0,0.0,0.0,0.9661564713753747,0.0,1.1520000000000001,0.129511887014602
2.324689658957794,0.0,0.0,0.0,0.2753103410422061,0.0,2.6,0.0369049557079006
3.312,0.0,0.0,0.0,0.0,0.0,3.312,0.0
1.9280000000000002,0.0,0.0,0.0,0.0,0.0,1.9280000000000002,0.0
1.5759999999999998,0.0,0.0,0.0,0.0,0.0,1.5759999999999998,0.0
2.648,0.0,0.0,0.0,0.0,0.0,2.648,0.0
1.5119999999999998,0.0,0.0,0.0,0.0,0.0,1.5119999999999998,0.0
1.112,0.0,0.0,0.0,0.0,0.0,1.112,0.0
0.7759999999999999,0.0,0.0,0.0,0.0,0.0,0.7759999999999999,0.0
0.7440000000000001,0.0,0.0,0.0,0.0,0.0,0.7440000000000001,0.0
0.52,0.0,0.0,0.0,0.0,0.0,0.52,0.0
0.4,0.0,0.0,0.0,0.0,0.0,0.4,0.0
0.48,0.0,0.0,0.0,0.0,0.0,0.48,0.0
0.408,0.0,0.0,0.0,0.0,0.0,0.408,0.0
0.5824103334286314,0.0,0.0,0.0,0.2575896665713686,0.0,0.84,0.0345295247524752
0.0,0.09891474096859365,0.0,0.0,0.8640000000000001,0.0,0.8640000000000001,0.12907733771061902
0.0,0.9630371706062215,0.0,0.0,0.784,0.0,0.784,0.23418782293903898
0.0,1.2042406506329848,0.0,0.0,0.888,0.0,0.888,0.28046185351985103
0.0,1.7797322195505298,0.0,0.0,1.4,0.0,1.4,0.426238536050874
0.0,1.3410151255679055,0.0,0.0,2.344,0.0,2.344,0.4939709837168039
0.0,2.2116523602300644,0.0,0.0,1.8,0.0,1.8,0.5377562357786221
0.0,1.4062065317814763,0.0,0.0,1.7280000000000002,0.0,1.7280000000000002,0.4201358830073
0.0,2.396345315396669,0.0,0.0,0.784,0.0,0.784,0.42632072066828003
0.0,1.669638545423642,0.0,0.0,0.8320000000000001,0.0,0.8320000000000001,0.33534105317853996
0.0,0.09755661576379926,0.0,0.0,1.208,0.0,1.208,0.175007988790124
1.1933839354642695,0.0,0.0,0.0,0.2866160645357305,0.0,1.48,0.0384204717004885
3.616,0.0,0.0,0.0,0.0,0.0,3.616,0.0
2.12,0.0,0.0,0.0,0.0,0.0,2.12,0.0
2.208,0.0,0.0,0.0,0.0,0.0,2.208,0.0
2.016,0.0,0.0,0.0,0.0,0.0,2.016,0.0
1.208,0.0,0.0,0.0,0.0,0.0,1.208,0.0
1.128,0.0,0.0,0.0,0.0,0.0,1.128,0.0
0.72,0.0,0.0,0.0,0.0,0.0,0.72,0.0
0.752,0.0,0.0,0.0,0.0,0.0,0.752,0.0
0.56,0.0,0.0,0.0,0.0,0.0,0.56,0.0
0.496,0.0,0.0,0.0,0.0,0.0,0.496,0.0
0.408,0.0,0.0,0.0,0.0,0.0,0.408,0.0
0.504,0.0,0.0,0.0,0.0,0.0,0.504,0.0
0.41135972236896284,0.0,0.0,0.0,0.3966402776310371,0.0,0.8079999999999999,0.0531690594059406
0.0,0.16679015159948785,0.0,0.0,1.1520000000000001,0.0,1.1520000000000001,0.176781925257698
0.0,1.8523452745257671,0.0,0.0,0.7040000000000001,0.0,0.7040000000000001,0.34267441162339596
0.0,2.664873037266034,0.0,0.0,0.7759999999999999,0.0,0.7759999999999999,0.46124408751266294
0.0,2.68734158492618,0.0,0.0,1.376,0.0,1.376,0.5446851020927771
0.0,2.8616973007197335,0.0,0.0,1.48,0.0,1.48,0.5819982859111329
0.0,3.504062952946633,0.0,0.0,1.056,0.0,1.056,0.611269887889662
0.0,3.6835397817143365,0.0,0.0,0.88,0.0,0.88,0.611735951791186
0.0,2.0900815155158443,0.0,0.0,1.7280000000000002,0.0,1.7280000000000002,0.51180834212713
0.0,2.2276463228269425,0.0,0.0,0.728,0.0,0.728,0.396200143515225
1.117794669659595,0.0,0.0,0.0,1.7222053303404048,0.0,2.84,0.23085915042464497
1.2373764073208533,0.0,0.0,0.0,0.4906235926791469,0.0,1.7280000000000002,0.0657673877724019
5.568,0.0,0.0,0.0,0.0,0.0,5.568,0.0
2.352,0.0,0.0,0.0,0.0,0.0,2.352,0.0
1.8719999999999999,0.0,0.0,0.0,0.0,0.0,1.8719999999999999,0.0
2.88,0.0,0.0,0.0,0.0,0.0,2.88,0.0
1.088,0.0,0.0,0.0,0.0,0.0,1.088,0.0
0.888,0.0,0.0,0.0,0.0,0.0,0.888,0.0
0.816,0.0,0.0,0.0,0.0,0.0,0.816,0.0
0.792,0.0,0.0,0.0,0.0,0.0,0.792,0.0
0.736,0.0,0.0,0.0,0.0,0.0,0.736,0.0
0.43200000000000005,0.0,0.0,0.0,0.0,0.0,0.43200000000000005,0.0
0.44799999999999995,0.0,0.0,0.0,0.0,0.0,0.44799999999999995,0.0
0.544,0.0,0.0,0.0,0.0,0.0,0.544,0.0
0.26572361123182026,0.0,0.0,0.0,0.3262763887681798,0.0,0.5920000000000001,0.0437368811881188
0.0,0.18806130478422445,0.0,0.0,0.64,0.0,0.64,0.11100042831955699
0.0,0.7996630672740112,0.0,0.0,0.616,0.0,0.616,0.18976760043695104
0.0,2.1687283752080138,0.0,0.0,0.56,0.0,0.56,0.365782118625559
0.0,2.707102424249126,0.0,0.0,0.488,0.0,0.488,0.428298889909998
0.0,2.8994055425728456,0.0,0.0,0.816,0.0,0.816,0.498044775457667
0.0,3.170115098911997,0.0,0.0,1.088,0.0,1.088,0.570794211832381
0.0,2.7310651397173906,0.0,0.0,0.8959999999999999,0.0,0.8959999999999999,0.48620287136406504
0.0,1.9961823933623903,0.0,0.0,1.104,0.0,1.104,0.415574996131048
0.0,1.4973345788778558,0.0,0.0,1.0,0.0,1.0,0.33476411264612393
0.2811818067754286,0.0,0.0,0.0,1.3268181932245715,0.0,1.608,0.177858072704515
3.4714558642221007,0.0,0.0,0.0,0.3845441357778998,0.0,3.8560000000000003,0.0515475889677558
2.864,0.0,0.0,0.0,0.0,0.0,2.864,0.0
2.408,0.0,0.0,0.0,0.0,0.0,2.408,0.0
2.64,0.0,0.0,0.0,0.0,0.0,2.64,0.0
1.9680000000000002,0.0,0.0,0.0,0.0,0.0,1.9680000000000002,0.0
0.992,0.0,0.0,0.0,0.0,0.0,0.992,0.0
0.784,0.0,0.0,0.0,0.0,0.0,0.784,0.0
0.768,0.0,0.0,0.0,0.0,0.0,0.768,0.0
0.6,0.0,0.0,0.0,0.0,0.0,0.6,0.0
0.608,0.0,0.0,0.0,0.0,0.0,0.608,0.0
0.408,0.0,0.0,0.0,0.0,0.0,0.408,0.0
0.41600000000000004,0.0,0.0,0.0,0.0,0.0,0.41600000000000004,0.0
0.496,0.0,0.0,0.0,0.0,0.0,0.496,0.0
0.3765026853063463,0.0,0.0,0.0,0.3274973146936538,0.0,0.7040000000000001,0.0439005445544554
0.0,0.062459716129210086,0.0,0.0,0.9840000000000001,0.0,0.9840000000000001,0.140276421610804
0.0,1.400545892482861,0.0,0.0,0.7440000000000001,0.0,0.7440000000000001,0.287473296048502
0.0,2.676368988866181,0.0,0.0,0.8240000000000001,0.0,0.8240000000000001,0.46921943435321706
0.0,2.9383591582746416,0.0,0.0,0.56,0.0,0.56,0.468950019449729
0.0,2.336568724800829,0.0,0.0,1.672,0.0,1.672,0.537342878879261
0.0,3.060862979111892,0.0,0.0,1.304,0.0,1.304,0.585103611819959
0.0,2.7050558220211123,0.0,0.0,1.4240000000000002,0.0,1.4240000000000002,0.5534940011707641
0.0,1.0295528815161037,0.0,0.0,1.9040000000000001,0.0,1.9040000000000001,0.39323854944678205
0.0,0.8443083613847489,0.0,0.0,1.632,0.0,1.632,0.331945578397282
0.09436128343543637,0.0,0.0,0.0,1.3136387165645638,0.0,1.4080000000000001,0.17609138279178002
1.107711266027595,0.0,0.0,0.0,0.44428873397240487,0.0,1.5519999999999998,0.0595562665270797
3.512,0.0,0.0,0.0,0.0,0.0,3.512,0.0
2.408,0.0,0.0,0.0,0.0,0.0,2.408,0.0
2.752,0.0,0.0,0.0,0.0,0.0,2.752,0.0
1.8559999999999999,0.0,0.0,0.0,0.0,0.0,1.8559999999999999,0.0
1.4,0.0,0.0,0.0,0.0,0.0,1.4,0.0
1.048,0.0,0.0,0.0,0.0,0.0,1.048,0.0
0.752,0.0,0.0,0.0,0.0,0.0,0.752,0.0
0.664,0.0,0.0,0.0,0.0,0.0,0.664,0.0
0.488,0.0,0.0,0.0,0.0,0.0,0.488,0.0
0.624,0.0,0.0,0.0,0.0,0.0,0.624,0.0
0.552,0.0,0.0,0.0,0.0,0.0,0.552,0.0
0.43200000000000005,0.0,0.0,0.0,0.0,0.0,0.43200000000000005,0.0
0.47286618560427585,0.0,0.0,0.0,0.16713381439572414,0.0,0.64,0.0224040477165407
0.0,0.4325329015562268,0.0,0.0,0.56,0.0,0.56,0.13304760958816
0.0,1.1870628214277796,0.0,0.0,0.7440000000000001,0.0,0.7440000000000001,0.258856197061775
0.0,0.781916889138202,0.0,0.0,1.912,0.0,1.912,0.36111568892782503
0.0,2.1946465978965755,0.0,0.0,1.064,0.0,1.064,0.43681689510034705
0.0,1.686280895721884,0.0,0.0,1.776,0.0,1.776,0.464113780184298
0.0,2.1305445838617123,0.0,0.0,1.3359999999999999,0.0,1.3359999999999999,0.464685321454259
0.0,2.385462075462024,0.0,0.0,0.8079999999999999,0.0,0.8079999999999999,0.4280790035116
0.0,1.6558652675183518,0.0,0.0,1.08,0.0,1.08,0.3667388087869529
0.0,1.076815133669243,0.0,0.0,1.072,0.0,1.072,0.28804558169637606
0.6529657654656218,0.0,0.0,0.0,1.2830342345343781,0.0,1.936,0.171988895941807
0.3559055173300259,0.0,0.0,0.0,0.43609448266997414,0.0,0.792,0.0584578389117899
0.84,0.0,0.0,0.0,0.0,0.0,0.84,0.0
2.024,0.0,0.0,0.0,0.0,0.0,2.024,0.0
1.072,0.0,0.0,0.0,0.0,0.0,1.072,0.0
1.208,0.0,0.0,0.0,0.0,0.0,1.208,0.0
0.9840000000000001,0.0,0.0,0.0,0.0,0.0,0.9840000000000001,0.0
0.856,0.0,0.0,0.0,0.0,0.0,0.856,0.0
0.72,0.0,0.0,0.0,0.0,0.0,0.72,0.0
0.384,0.0,0.0,0.0,0.0,0.0,0.384,0.0
0.344,0.0,0.0,0.0,0.0,0.0,0.344,0.0
0.344,0.0,0.0,0.0,0.0,0.0,0.344,0.0
0.384,0.0,0.0,0.0,0.0,0.0,0.384,0.0
0.632,0.0,0.0,0.0,0.0,0.0,0.632,0.0
0.46913086118024494,0.0,0.0,0.0,0.18686913881975498,0.0,0.6559999999999999,0.0250495396039604
0.0,0.10372229536616562,0.0,0.0,0.624,0.0,0.624,0.0975501282533477
0.0,0.7659868582729917,0.0,0.0,0.632,0.0,0.632,0.187398130013876
0.0,1.2054203073551202,0.0,0.0,0.7440000000000001,0.0,0.7440000000000001,0.261316991678106
0.0,1.7568697157626092,0.0,0.0,1.0,0.0,1.0,0.36955442489926005
0.0,1.6338748390391151,0.0,0.0,1.376,0.0,1.376,0.40346939820918
0.0,2.7739675520126807,0.0,0.0,0.616,0.0,0.616,0.454420280344896
0.0,2.804478818784976,0.0,0.0,0.47200000000000003,0.0,0.47200000000000003,0.43920727869279996
0.0,2.5680099575896302,0.0,0.0,0.528,0.0,0.528,0.41501568710979997
0.0,1.5061507871009,0.0,0.0,1.024,0.0,1.024,0.33916307821490005
0.0,0.5948530859154278,0.0,0.0,0.9440000000000001,0.0,0.9440000000000001,0.20628104546196
0.20578934042515862,0.0,0.0,0.0,0.4582106595748414,0.0,0.664,0.0614224806539506
1.3840000000000001,0.0,0.0,0.0,0.0,0.0,1.3840000000000001,0.0
1.536,0.0,0.0,0.0,0.0,0.0,1.536,0.0
1.08,0.0,0.0,0.0,0.0,0.0,1.08,0.0
1.48,0.0,0.0,0.0,0.0,0.0,1.48,0.0
1.112,0.0,0.0,0.0,0.0,0.0,1.112,0.0
0.632,0.0,0.0,0.0,0.0,0.0,0.632,0.0
0.664,0.0,0.0,0.0,0.0,0.0,0.664,0.0
0.544,0.0,0.0,0.0,0.0,0.0,0.544,0.0
0.44,0.0,0.0,0.0,0.0,0.0,0.44,0.0
0.48,0.0,0.0,0.0,0.0,0.0,0.48,0.0
0.312,0.0,0.0,0.0,0.0,0.0,0.312,0.0
0.424,0.0,0.0,0.0,0.0,0.0,0.424,0.0
0.27230853846000597,0.0,0.0,0.0,0.2716914615399941,0.0,0.544,0.0364198501094847
0.0,0.43516885297892105,0.0,0.0,0.52,0.0,0.52,0.128039012553289
0.0,0.9654574353009223,0.0,0.0,0.64,0.0,0.64,0.215209262813768
0.0,1.5272905823626877,0.0,0.0,0.624,0.0,0.624,0.288377412037521
0.0,2.196897396984485,0.0,0.0,0.7120000000000001,0.0,0.7120000000000001,0.389933517165206
0.0,2.612525647820532,0.0,0.0,1.016,0.0,1.016,0.48639865037713603
0.0,1.9954823983104668,0.0,0.0,0.9840000000000001,0.0,0.9840000000000001,0.3993953351910611
0.0,1.5890257433729824,0.0,0.0,0.72,0.0,0.72,0.309521583769781
0.0,1.299767613923521,0.0,0.0,0.88,0.0,0.88,0.292194717208357
0.0,1.196107364623784,0.0,0.0,0.616,0.0,0.616,0.242910388967732
0.0,0.8698457254172592,0.0,0.0,0.616,0.0,0.616,0.19917548493716397
0.48224503892877946,0.0,0.0,0.0,0.3577549610712205,0.0,0.84,0.0479565385834564
1.1520000000000001,0.0,0.0,0.0,0.0,0.0,1.1520000000000001,0.0
1.008,0.0,0.0,0.0,0.0,0.0,1.008,0.0
0.9520000000000001,0.0,0.0,0.0,0.0,0.0,0.9520000000000001,0.0
1.1520000000000001,0.0,0.0,0.0,0.0,0.0,1.1520000000000001,0.0
1.088,0.0,0.0,0.0,0.0,0.0,1.088,0.0
0.728,0.0,0.0,0.0,0.0,0.0,0.728,0.0
0.552,0.0,0.0,0.0,0.0,0.0,0.552,0.0
0.44799999999999995,0.0,0.0,0.0,0.0,0.0,0.44799999999999995,0.0
0.44,0.0,0.0,0.0,0.0,0.0,0.44,0.0
0.608,0.0,0.0,0.0,0.0,0.0,0.608,0.0
0.456,0.0,0.0,0.0,0.0,0.0,0.456,0.0
0.6,0.0,0.0,0.0,0.0,0.0,0.6,0.0
0.04671697921558582,0.0,0.0,0.0,0.5052830207844142,0.0,0.552,0.0677324630502866
0.0,0.45807761667630753,0.0,0.0,0.616,0.0,0.616,0.14397856150347
0.0,0.9770836087897674,0.0,0.0,0.56,0.0,0.56,0.20604384959528302
0.0,1.7638919296083784,0.0,0.0,0.43200000000000005,0.0,0.43200000000000005,0.294356158561839
0.0,2.2498454556656924,0.0,0.0,0.512,0.0,0.512,0.37022141568515704
0.0,0.9990090968566743,0.0,0.0,1.48,0.0,1.48,0.332307608107437
0.0,1.4009547091530241,0.0,0.0,1.328,0.0,1.328,0.36581245836573795
0.0,1.768073175528738,0.0,0.0,0.632,0.0,0.632,0.32172636125219
0.0,1.5782638769177018,0.0,0.0,0.496,0.0,0.496,0.278052092828618
0.0,0.44135911115011606,0.0,0.0,1.12,0.0,1.12,0.20929794581267996
0.22057452486629603,0.0,0.0,0.0,0.811425475133704,0.0,1.032,0.108770419253815
0.6942762096437098,0.0,0.0,0.0,0.1857237903562901,0.0,0.88,0.0248960072878321
0.5920000000000001,0.0,0.0,0.0,0.0,0.0,0.5920000000000001,0.0
0.624,0.0,0.0,0.0,0.0,0.0,0.624,0.0
0.9440000000000001,0.0,0.0,0.0,0.0,0.0,0.9440000000000001,0.0
0.7040000000000001,0.0,0.0,0.0,0.0,0.0,0.7040000000000001,0.0
0.736,0.0,0.0,0.0,0.0,0.0,0.736,0.0
0.76,0.0,0.0,0.0,0.0,0.0,0.76,0.0
0.7040000000000001,0.0,0.0,0.0,0.0,0.0,0.7040000000000001,0.0
0.648,0.0,0.0,0.0,0.0,0.0,0.648,0.0
0.536,0.0,0.0,0.0,0.0,0.0,0.536,0.0
0.41600000000000004,0.0,0.0,0.0,0.0,0.0,0.41600000000000004,0.0
0.496,0.0,0.0,0.0,0.0,0.0,0.496,0.0
0.44799999999999995,0.0,0.0,0.0,0.0,0.0,0.44799999999999995,0.0
0.32781729632596035,0.0,0.0,0.0,0.08018270367403965,0.0,0.408,0.0107483762376238
0.0,0.17282724977464325,0.0,0.0,0.6,0.0,0.6,0.10359638259435902
0.0,0.19208929155661125,0.0,0.0,0.696,0.0,0.696,0.11904709371063199
0.0,0.9283003341658512,0.0,0.0,0.7120000000000001,0.0,0.7120000000000001,0.21987990335156002
0.0,1.0300211411034246,0.0,0.0,1.072,0.0,1.072,0.281772914216833
0.0,0.7717626726503379,0.0,0.0,0.96,0.0,0.96,0.23214029843128398
0.0,1.5351498424579173,0.0,0.0,0.848,0.0,0.848,0.319457812765982
0.0,1.537266831914751,0.0,0.0,0.7120000000000001,0.0,0.7120000000000001,0.301510987538017
0.0,1.5443208755146847,0.0,0.0,0.7120000000000001,0.0,0.7120000000000001,0.30245657194880105
0.0,0.29169122579847495,0.0,0.0,1.224,0.0,1.224,0.20317623138744
1.0976462148364725,0.0,0.0,0.0,1.0303537851635276,0.0,2.128,0.138117444702516
2.728130799292195,0.0,0.0,0.0,0.2238692007078053,0.0,2.952,0.0300093447460373
2.2,0.0,0.0,0.0,0.0,0.0,2.2,0.0
1.848,0.0,0.0,0.0,0.0,0.0,1.848,0.0
1.464,0.0,0.0,0.0,0.0,0.0,1.464,0.0
1.24,0.0,0.0,0.0,0.0,0.0,1.24,0.0
0.84,0.0,0.0,0.0,0.0,0.0,0.84,0.0
0.624,0.0,0.0,0.0,0.0,0.0,0.624,0.0
0.528,0.0,0.0,0.0,0.0,0.0,0.528,0.0
0.43200000000000005,0.0,0.0,0.0,0.0,0.0,0.43200000000000005,0.0
0.456,0.0,0.0,0.0,0.0,0.0,0.456,0.0
0.424,0.0,0.0,0.0,0.0,0.0,0.424,0.0
0.528,0.0,0.0,0.0,0.0,0.0,0.528,0.0
0.688,0.0,0.0,0.0,0.0,0.0,0.688,0.0
0.7852045372112119,0.0,0.0,0.0,0.47079546278878814,0.0,1.256,0.0631094554455446
0.0,0.3098841838482912,0.0,0.0,0.7759999999999999,0.0,0.7759999999999999,0.145561214871647
0.0,0.9042747869809069,0.0,0.0,0.752,0.0,0.752,0.222021255802637
0.0,0.5487540871747558,0.0,0.0,1.416,0.0,1.416,0.263372462834533
0.0,1.6117159400728012,0.0,0.0,0.968,0.0,0.968,0.34580721576584994
0.0,1.5543203984629388,0.0,0.0,1.48,0.0,1.48,0.406746290331633
0.0,1.4294147442353753,0.0,0.0,1.4080000000000001,0.0,1.4080000000000001,0.38035137025564
0.0,2.044665980329951,0.0,0.0,0.7120000000000001,0.0,0.7120000000000001,0.36952711445719705
0.0,3.4235960656395377,0.0,0.0,0.56,0.0,0.56,0.533995329794228
0.0,1.363426917959348,0.0,0.0,1.656,0.0,1.656,0.404749840665991
2.6153057671298523,0.0,0.0,0.0,1.9766942328701473,0.0,4.592,0.26497302221187496
2.790842528570106,0.0,0.0,0.0,0.6251574714298943,0.0,3.4160000000000004,0.0838014609485608
2.022532459064536,0.0,0.0,0.0,0.041467540935463745,0.0,2.064,0.00555866429043519
1.848,0.0,0.0,0.0,0.0,0.0,1.848,0.0
1.536,0.0,0.0,0.0,0.0,0.0,1.536,0.0
1.296,0.0,0.0,0.0,0.0,0.0,1.296,0.0
1.04,0.0,0.0,0.0,0.0,0.0,1.04,0.0
0.8240000000000001,0.0,0.0,0.0,0.0,0.0,0.8240000000000001,0.0
0.7120000000000001,0.0,0.0,0.0,0.0,0.0,0.7120000000000001,0.0
0.664,0.0,0.0,0.0,0.0,0.0,0.664,0.0
0.608,0.0,0.0,0.0,0.0,0.0,0.608,0.0
0.856,0.0,0.0,0.0,0.0,0.0,0.856,0.0
0.9520000000000001,0.0,0.0,0.0,0.0,0.0,0.9520000000000001,0.0
0.5830189351973869,0.0,0.0,0.0,0.03298106480261314,0.0,0.616,0.00442106435643564
0.0,0.06274977173700302,0.0,0.0,0.584,0.0,0.584,0.0866958777853892
0.0,0.9234362405875529,0.0,0.0,0.552,0.0,0.552,0.19778010844993102
0.0,2.018197207268417,0.0,0.0,0.664,0.0,0.664,0.359544682409589
0.0,1.877647582168395,0.0,0.0,0.7759999999999999,0.0,0.7759999999999999,0.35571764617911206
0.0,1.5581533669370216,0.0,0.0,1.064,0.0,1.064,0.351495891871704
0.0,2.3034302401540487,0.0,0.0,0.9840000000000001,0.0,0.9840000000000001,0.44067530099459296
0.11552346169541705,0.0,0.0,0.0,1.628476538304583,0.0,1.744,0.21829494050233497
0.0,0.11792727555884519,0.0,0.0,1.4080000000000001,0.0,1.4080000000000001,0.20454835915278402
0.715528047366687,0.0,0.0,0.0,1.804471952633313,0.0,2.52,0.241886872959386
1.0887254952477192,0.0,0.0,0.0,1.4472745047522808,0.0,2.536,0.19400506821815497
1.840930811155269,0.0,0.0,0.0,1.3190691888447312,0.0,3.16,0.17681932979956
1.0920572029418278,0.0,0.0,0.0,0.7079427970581722,0.0,1.8,0.0948987149202427
1.8430640950581894,0.0,0.0,0.0,0.02893590494181063,0.0,1.8719999999999999,0.00387881648834191
2.08,0.0,0.0,0.0,0.0,0.0,2.08,0.0
1.5519999999999998,0.0,0.0,0.0,0.0,0.0,1.5519999999999998,0.0
0.784,0.0,0.0,0.0,0.0,0.0,0.784,0.0
0.56,0.0,0.0,0.0,0.0,0.0,0.56,0.0
0.7040000000000001,0.0,0.0,0.0,0.0,0.0,0.7040000000000001,0.0
0.52,0.0,0.0,0.0,0.0,0.0,0.52,0.0
0.568,0.0,0.0,0.0,0.0,0.0,0.568,0.0
0.43200000000000005,0.0,0.0,0.0,0.0,0.0,0.43200000000000005,0.0
0.43200000000000005,0.0,0.0,0.0,0.0,0.0,0.43200000000000005,0.0
0.544,0.0,0.0,0.0,0.0,0.0,0.544,0.0
0.8306114879723556,0.0,0.0,0.0,0.025388512027644354,0.0,0.856,0.00340329356435644
0.3907291668565558,0.0,0.0,0.0,0.5132708331434442,0.0,0.904,0.0688032178217822
0.0,0.8066669021760161,0.0,0.0,0.648,0.0,0.648,0.19499600847294302
0.0,1.751182460058347,0.0,0.0,0.536,0.0,0.536,0.306593523021354
0.0,2.690395300952185,0.0,0.0,1.056,0.0,1.056,0.502198908048759
0.0,3.1470156508350025,0.0,0.0,1.24,0.0,1.24,0.588073145640077
0.0,3.324731460423086,0.0,0.0,0.8959999999999999,0.0,0.8959999999999999,0.565782988798002
0.0,1.4807029571472143,0.0,0.0,1.7919999999999998,0.0,1.7919999999999998,0.438701129864633
0.0,1.6615380918878442,0.0,0.0,1.3519999999999999,0.0,1.3519999999999999,0.40396045199095004
0.0,1.512920034537495,0.0,0.0,1.48,0.0,1.48,0.401196631022885
0.09353676526326282,0.0,0.0,0.0,1.8584632347367371,0.0,1.952,0.249124326761872
0.7996767334236987,0.0,0.0,0.0,1.1763232665763013,0.0,1.976,0.15768444398721698
1.7008180164900821,0.0,0.0,0.0,0.6671819835099181,0.0,2.3680000000000003,0.0894347864207836
2.799929745276184,0.0,0.0,0.0,0.024070254723815947,0.0,2.824,0.00322658306657697
2.64,0.0,0.0,0.0,0.0,0.0,2.64,0.0
1.6480000000000001,0.0,0.0,0.0,0.0,0.0,1.6480000000000001,0.0
1.208,0.0,0.0,0.0,0.0,0.0,1.208,0.0
0.96,0.0,0.0,0.0,0.0,0.0,0.96,0.0
0.7040000000000001,0.0,0.0,0.0,0.0,0.0,0.7040000000000001,0.0
0.528,0.0,0.0,0.0,0.0,0.0,0.528,0.0
0.624,0.0,0.0,0.0,0.0,0.0,0.624,0.0
0.47200000000000003,0.0,0.0,0.0,0.0,0.0,0.47200000000000003,0.0
0.47200000000000003,0.0,0.0,0.0,0.0,0.0,0.47200000000000003,0.0
0.68,0.0,0.0,0.0,0.0,0.0,0.68,0.0
0.6998412713067139,0.0,0.0,0.0,0.028158728693286113,0.0,0.728,0.00377463712871287
0.0,0.0952318475031374,0.0,0.0,0.608,0.0,0.608,0.0942672189001057
0.0,1.501039934293733,0.0,0.0,0.48,0.0,0.48,0.265555557244704
0.0,2.335274487709325,0.0,0.0,0.7040000000000001,0.0,0.7040000000000001,0.407410378878103
0.0,3.175404571529856,0.0,0.0,0.856,0.0,0.856,0.540403991327478
0.0,4.045435594718511,0.0,0.0,0.8079999999999999,0.0,0.8079999999999999,0.650596069062207
0.0,3.8334568309895025,0.0,0.0,0.496,0.0,0.496,0.580357468528364
0.0,4.216559361239127,0.0,0.0,0.4,0.0,0.4,0.618843150258947
0.0,3.361914330557007,0.0,0.0,1.064,0.0,1.064,0.593287457775255
0.0,2.7870658790818084,0.0,0.0,1.208,0.0,1.208,0.535532841808715
0.0,2.142644802221275,0.0,0.0,0.968,0.0,0.968,0.416977467008362
0.0,1.189579040994711,0.0,0.0,0.856,0.0,0.856,0.27420693178156497
2.9842952664184326,0.0,0.0,0.0,0.8077047335815675,0.0,3.792,0.108271659193941
2.830046028415844,0.0,0.0,0.0,0.04195397158415577,0.0,2.872,0.005623869620089671
2.72,0.0,0.0,0.0,0.0,0.0,2.72,0.0
1.768,0.0,0.0,0.0,0.0,0.0,1.768,0.0
1.256,0.0,0.0,0.0,0.0,0.0,1.256,0.0
0.9279999999999999,0.0,0.0,0.0,0.0,0.0,0.9279999999999999,0.0
0.752,0.0,0.0,0.0,0.0,0.0,0.752,0.0
0.8079999999999999,0.0,0.0,0.0,0.0,0.0,0.8079999999999999,0.0
1.008,0.0,0.0,0.0,0.0,0.0,1.008,0.0
0.56,0.0,0.0,0.0,0.0,0.0,0.56,0.0
0.616,0.0,0.0,0.0,0.0,0.0,0.616,0.0
0.512,0.0,0.0,0.0,0.0,0.0,0.512,0.0
1.423356296308373,0.0,0.0,0.0,0.0326437036916269,0.0,1.456,0.0043758415841584205
0.36956444460240934,0.0,0.0,0.0,0.6384355553975907,0.0,1.008,0.0855813690292329
0.0,1.107538530008509,0.0,0.0,0.7040000000000001,0.0,0.7040000000000001,0.242834137504738
0.0,2.5619927728686203,0.0,0.0,0.496,0.0,0.496,0.409919538113156
0.0,3.4724649398911187,0.0,0.0,0.536,0.0,0.536,0.537328966661211
0.0,3.909141241604064,0.0,0.0,0.736,0.0,0.736,0.622674510261348
0.0,4.206770805681977,0.0,0.0,0.7040000000000001,0.0,0.7040000000000001,0.658281771724518
0.0,4.296729386823045,0.0,0.0,0.6,0.0,0.6,0.6563995396982769
0.0,3.748936446213449,0.0,0.0,0.84,0.0,0.84,0.615140338182631
0.0,3.144532667970383,0.0,0.0,0.8240000000000001,0.0,0.8240000000000001,0.531976102976644
0.0,1.9394549548954145,0.0,0.0,1.0959999999999999,0.0,1.0959999999999999,0.40689837599151096
0.0,0.33221938152733377,0.0,0.0,1.52,0.0,1.52,0.24828734720902498
1.3869482131199469,0.0,0.0,0.0,0.7170517868800532,0.0,2.104,0.0961197619199582
2.88190651551338,0.0,0.0,0.0,0.006093484486620025,0.0,2.888,0.000816822841576505
1.704,0.0,0.0,0.0,0.0,0.0,1.704,0.0
1.5519999999999998,0.0,0.0,0.0,0.0,0.0,1.5519999999999998,0.0
2.224,0.0,0.0,0.0,0.0,0.0,2.224,0.0
1.5759999999999998,0.0,0.0,0.0,0.0,0.0,1.5759999999999998,0.0
0.816,0.0,0.0,0.0,0.0,0.0,0.816,0.0
0.616,0.0,0.0,0.0,0.0,0.0,0.616,0.0
0.664,0.0,0.0,0.0,0.0,0.0,0.664,0.0
0.7120000000000001,0.0,0.0,0.0,0.0,0.0,0.7120000000000001,0.0
0.5920000000000001,0.0,0.0,0.0,0.0,0.0,0.5920000000000001,0.0
0.528,0.0,0.0,0.0,0.0,0.0,0.528,0.0
0.7378557037178155,0.0,0.0,0.0,0.03814429628218445,0.0,0.7759999999999999,0.00511318811881188
0.1464795297417506,0.0,0.0,0.0,0.6855204702582495,0.0,0.8320000000000001,0.0918930342244625
0.0,1.2254290687928062,0.0,0.0,0.68,0.0,0.68,0.25542002934631697
0.0,2.452286120725601,0.0,0.0,0.72,0.0,0.72,0.42524039720040296
0.0,3.2659564312191867,0.0,0.0,0.904,0.0,0.904,0.5589766690762521
0.0,3.769865904517677,0.0,0.0,1.04,0.0,1.04,0.644755614682681
0.0,2.522802505486402,0.0,0.0,2.568,0.0,2.568,0.682414762451088
0.0,4.32423781167672,0.0,0.0,0.7440000000000001,0.0,0.7440000000000001,0.6793899976621729
0.0,3.871349216954468,0.0,0.0,0.8959999999999999,0.0,0.8959999999999999,0.639056313793993
0.0,3.0052917536482155,0.0,0.0,1.136,0.0,1.136,0.555134210227328
0.0,2.1590708852922877,0.0,0.0,1.04,0.0,1.04,0.428830856411772
0.0,0.8870842162593833,0.0,0.0,1.0959999999999999,0.0,1.0959999999999999,0.265829590305399
0.29499640254302606,0.0,0.0,0.0,0.8010035974569738,0.0,1.0959999999999999,0.107373381523242
2.307063229087616,0.0,0.0,0.0,0.012936770912384179,0.0,2.32,0.0017341555559353401
1.44,0.0,0.0,0.0,0.0,0.0,1.44,0.0
2.16,0.0,0.0,0.0,0.0,0.0,2.16,0.0
1.944,0.0,0.0,0.0,0.0,0.0,1.944,0.0
1.072,0.0,0.0,0.0,0.0,0.0,1.072,0.0
0.9359999999999999,0.0,0.0,0.0,0.0,0.0,0.9359999999999999,0.0
0.8320000000000001,0.0,0.0,0.0,0.0,0.0,0.8320000000000001,0.0
0.872,0.0,0.0,0.0,0.0,0.0,0.872,0.0
0.976,0.0,0.0,0.0,0.0,0.0,0.976,0.0
0.84,0.0,0.0,0.0,0.0,0.0,0.84,0.0
0.816,0.0,0.0,0.0,0.0,0.0,0.816,0.0
0.7811297129758635,0.0,0.0,0.0,0.034870287024136463,0.0,0.816,0.00467431188118812
0.10248685983335581,0.0,0.0,0.0,0.5775131401666442,0.0,0.68,0.0774148067882173
0.0,0.8918536226797075,0.0,0.0,0.64,0.0,0.64,0.205342777470589
0.0,1.7723214794475302,0.0,0.0,0.8,0.0,0.8,0.34481599894186
0.0,1.8570058412564086,0.0,0.0,1.496,0.0,1.496,0.44946561611693897
0.0,1.9146410500713658,0.0,0.0,1.984,0.0,1.984,0.5226072320030639
0.0,3.602300977619148,0.0,0.0,0.752,0.0,0.752,0.58368779069315
0.0,3.8433594911604305,0.0,0.0,0.5760000000000001,0.0,0.5760000000000001,0.5924087909707779
0.0,2.7897149610207936,0.0,0.0,1.4480000000000002,0.0,1.4480000000000002,0.568059602654753
0.0,1.51587841168391,0.0,0.0,2.184,0.0,2.184,0.4959633858681671
0.0,0.27275721076124837,0.0,0.0,2.648,0.0,2.648,0.39152330816426
0.7010156659406732,0.0,0.0,0.0,1.7949843340593268,0.0,2.496,0.24061507131938603
2.3552983700291863,0.0,0.0,0.0,0.7887016299708133,0.0,3.1439999999999997,0.105724320454638
1.8700692525520797,0.0,0.0,0.0,0.017930747447920538,0.0,1.8880000000000001,0.0024035909362141
1.768,0.0,0.0,0.0,0.0,0.0,1.768,0.0
1.48,0.0,0.0,0.0,0.0,0.0,1.48,0.0
1.128,0.0,0.0,0.0,0.0,0.0,1.128,0.0
0.8320000000000001,0.0,0.0,0.0,0.0,0.0,0.8320000000000001,0.0
0.46399999999999997,0.0,0.0,0.0,0.0,0.0,0.46399999999999997,0.0
0.4,0.0,0.0,0.0,0.0,0.0,0.4,0.0
0.48,0.0,0.0,0.0,0.0,0.0,0.48,0.0
0.616,0.0,0.0,0.0,0.0,0.0,0.616,0.0
0.46399999999999997,0.0,0.0,0.0,0.0,0.0,0.46399999999999997,0.0
0.528,0.0,0.0,0.0,0.0,0.0,0.528,0.0
0.5507517037219236,0.0,0.0,0.0,0.049248296278076406,0.0,0.6,0.00660166336633663
0.16797822646724303,0.0,0.0,0.0,0.600021773532757,0.0,0.768,0.0804320567552079
0.0,0.555724785522826,0.0,0.0,0.728,0.0,0.728,0.17208146330976798
0.0,0.9555282000542521,0.0,0.0,0.816,0.0,0.816,0.23747081025291503
0.0,1.268201845382657,0.0,0.0,0.8240000000000001,0.0,0.8240000000000001,0.28045665173179196
0.0,1.2738258739197106,0.0,0.0,1.168,0.0,1.168,0.32732325048988103
0.0,0.9995852690842626,0.0,0.0,1.7280000000000002,0.0,1.7280000000000002,0.36562888689184797
0.0,0.9835521298146992,0.0,0.0,1.848,0.0,1.848,0.37956549521473704
0.0,1.262623462727398,0.0,0.0,1.32,0.0,1.32,0.346196965000773
0.0,0.8523095215420704,0.0,0.0,1.504,0.0,1.504,0.31585990630582
0.0,0.6799754940665808,0.0,0.0,1.256,0.0,1.256,0.259514733771497
0.5660915406788647,0.0,0.0,0.0,1.1379084593211353,0.0,1.704,0.152534994261091
3.209424689004988,0.0,0.0,0.0,0.478575310995012,0.0,3.688,0.0641523329211163
2.0433024132187407,0.0,0.0,0.0,0.012697586781259372,0.0,2.056,0.00170209326676822
1.168,0.0,0.0,0.0,0.0,0.0,1.168,0.0
1.5759999999999998,0.0,0.0,0.0,0.0,0.0,1.5759999999999998,0.0
1.064,0.0,0.0,0.0,0.0,0.0,1.064,0.0
0.7440000000000001,0.0,0.0,0.0,0.0,0.0,0.7440000000000001,0.0
0.672,0.0,0.0,0.0,0.0,0.0,0.672,0.0
0.552,0.0,0.0,0.0,0.0,0.0,0.552,0.0
0.44,0.0,0.0,0.0,0.0,0.0,0.44,0.0
0.4,0.0,0.0,0.0,0.0,0.0,0.4,0.0
0.43200000000000005,0.0,0.0,0.0,0.0,0.0,0.43200000000000005,0.0
0.7120000000000001,0.0,0.0,0.0,0.0,0.0,0.7120000000000001,0.0
0.695401277789838,0.0,0.0,0.0,0.03259872221016204,0.0,0.728,0.00436981188118812
0.8928167037995909,0.0,0.0,0.0,0.2591832962004092,0.0,1.1520000000000001,0.0347431485148515
0.018093644441664614,0.0,0.0,0.0,0.5579063555583355,0.0,0.5760000000000001,0.0747865454784358
0.0,0.49843573630864557,0.0,0.0,0.728,0.0,0.728,0.164401948563633
0.0,1.0486993943933858,0.0,0.0,0.768,0.0,0.768,0.243525943961471
0.0,1.2581493542083952,0.0,0.0,0.792,0.0,0.792,0.2748195757021811
0.0,0.9876092606889981,0.0,0.0,1.24,0.0,1.24,0.298607821228312
0.4690745488748975,0.0,0.0,0.0,1.9789254511251024,0.0,2.448,0.2652721138136
0.0,1.5297816213693682,0.0,0.0,1.008,0.0,1.008,0.340185980586188
0.0,2.4525303610508034,0.0,0.0,0.816,0.0,0.816,0.43814179935222997
0.0,1.876587294936384,0.0,0.0,1.088,0.0,1.088,0.397398667981961
0.0,0.49578592659991494,0.0,0.0,1.5519999999999998,0.0,1.5519999999999998,0.27450276162654696
1.601939066318324,0.0,0.0,0.0,0.8700609336816761,0.0,2.472,0.11663041823690301
2.689447011763468,0.0,0.0,0.0,0.03855298823653239,0.0,2.728,0.00516797268816837
1.768,0.0,0.0,0.0,0.0,0.0,1.768,0.0
1.36,0.0,0.0,0.0,0.0,0.0,1.36,0.0
1.008,0.0,0.0,0.0,0.0,0.0,1.008,0.0
0.5920000000000001,0.0,0.0,0.0,0.0,0.0,0.5920000000000001,0.0
0.5760000000000001,0.0,0.0,0.0,0.0,0.0,0.5760000000000001,0.0
0.76,0.0,0.0,0.0,0.0,0.0,0.76,0.0
0.7040000000000001,0.0,0.0,0.0,0.0,0.0,0.7040000000000001,0.0
0.46399999999999997,0.0,0.0,0.0,0.0,0.0,0.46399999999999997,0.0
0.408,0.0,0.0,0.0,0.0,0.0,0.408,0.0
0.648,0.0,0.0,0.0,0.0,0.0,0.648,0.0
0.5369613889151702,0.0,0.0,0.0,0.07103861108482974,0.0,0.608,0.009522623762376241
0.348458062321664,0.0,0.0,0.0,0.30754193767833593,0.0,0.6559999999999999,0.0412255549332996
0.0,0.30729742119172365,0.0,0.0,0.6559999999999999,0.0,0.6559999999999999,0.129128635444774
0.0,1.2262900518279864,0.0,0.0,0.672,0.0,0.672,0.254463054378042
0.0,2.2890963435543887,0.0,0.0,0.7759999999999999,0.0,0.7759999999999999,0.41087176155864596
0.0,1.6443769546420242,0.0,0.0,1.5519999999999998,0.0,1.5519999999999998,0.428469738878185
0.0,2.4273606705123845,0.0,0.0,1.4880000000000002,0.0,1.4880000000000002,0.524848473103899
0.0,2.7818976432781235,0.0,0.0,0.9440000000000001,0.0,0.9440000000000001,0.499451226484335
0.0,2.007058529543695,0.0,0.0,1.4,0.0,1.4,0.456711301330156
0.0,2.1160311622172028,0.0,0.0,1.344,0.0,1.344,0.46381220663994605
0.0,0.7942490621219325,0.0,0.0,1.9680000000000002,0.0,1.9680000000000002,0.370275518550798
1.0629004019507138,0.0,0.0,0.0,1.7930995980492865,0.0,2.8560000000000003,0.24036242516483802
0.5740696264116308,0.0,0.0,0.0,0.761930373588369,0.0,1.3359999999999999,0.10213567199596099
1.844134279805901,0.0,0.0,0.0,0.019865720194098966,0.0,1.864,0.00266297125307173
1.64,0.0,0.0,0.0,0.0,0.0,1.64,0.0
1.864,0.0,0.0,0.0,0.0,0.0,1.864,0.0
1.248,0.0,0.0,0.0,0.0,0.0,1.248,0.0
1.136,0.0,0.0,0.0,0.0,0.0,1.136,0.0
0.768,0.0,0.0,0.0,0.0,0.0,0.768,0.0
0.424,0.0,0.0,0.0,0.0,0.0,0.424,0.0
0.488,0.0,0.0,0.0,0.0,0.0,0.488,0.0
0.456,0.0,0.0,0.0,0.0,0.0,0.456,0.0
0.608,0.0,0.0,0.0,0.0,0.0,0.608,0.0
0.688,0.0,0.0,0.0,0.0,0.0,0.688,0.0
0.26129781491940324,0.0,0.0,0.0,0.2827021850805968,0.0,0.544,0.0378958217821782
0.0,0.32221719524640446,0.0,0.0,0.568,0.0,0.568,0.11933233614331801
0.0,1.3110149866808931,0.0,0.0,0.512,0.0,0.512,0.244372540034678
0.0,1.868653860486215,0.0,0.0,0.8,0.0,0.8,0.357729216229707
0.0,2.595354473095358,0.0,0.0,0.752,0.0,0.752,0.448708058333664
0.0,2.8511552445024204,0.0,0.0,0.8640000000000001,0.0,0.8640000000000001,0.498011223360903
0.0,1.4830583270447848,0.0,0.0,1.3359999999999999,0.0,1.3359999999999999,0.377890718901935
0.0,1.9798183710817419,0.0,0.0,1.264,0.0,1.264,0.43482919259793995
0.0,1.6997578564775342,0.0,0.0,1.3119999999999998,0.0,1.3119999999999998,0.40372181399167106
0.0,1.6553361044348178,0.0,0.0,1.072,0.0,1.072,0.365595486728538
0.0,0.950839769710984,0.0,0.0,1.064,0.0,1.064,0.270086376625792
1.0898140277394817,0.0,0.0,0.0,1.2781859722605187,0.0,2.3680000000000003,0.17133899334897398
3.420279219546628,0.0,0.0,0.0,0.5557207804533725,0.0,3.9760000000000004,0.0744935722753966
3.2741348079681836,0.0,0.0,0.0,0.02186519203181674,0.0,3.2960000000000003,0.00293099758049129
1.3519999999999999,0.0,0.0,0.0,0.0,0.0,1.3519999999999999,0.0
1.104,0.0,0.0,0.0,0.0,0.0,1.104,0.0
1.1840000000000002,0.0,0.0,0.0,0.0,0.0,1.1840000000000002,0.0
0.728,0.0,0.0,0.0,0.0,0.0,0.728,0.0
0.5920000000000001,0.0,0.0,0.0,0.0,0.0,0.5920000000000001,0.0
0.728,0.0,0.0,0.0,0.0,0.0,0.728,0.0
0.672,0.0,0.0,0.0,0.0,0.0,0.672,0.0
0.536,0.0,0.0,0.0,0.0,0.0,0.536,0.0
0.46399999999999997,0.0,0.0,0.0,0.0,0.0,0.46399999999999997,0.0
0.52,0.0,0.0,0.0,0.0,0.0,0.52,0.0
0.7260852686198556,0.0,0.0,0.0,0.2739147313801445,0.0,1.0,0.0367178762376238
0.0,0.15124809146209472,0.0,0.0,0.72,0.0,0.72,0.116789555031906
0.0,1.3719995973612837,0.0,0.0,0.7040000000000001,0.0,0.7040000000000001,0.278284763660557
0.0,2.4313652611592897,0.0,0.0,0.672,0.0,0.672,0.41600165498673797
0.0,3.3106736711908757,0.0,0.0,0.68,0.0,0.68,0.534944072650749
0.0,3.54792034503354,0.0,0.0,0.9840000000000001,0.0,0.9840000000000001,0.607497411728375
0.0,3.5326371917529453,0.0,0.0,1.272,0.0,1.272,0.644054713248099
0.0,4.096287476972148,0.0,0.0,0.7440000000000001,0.0,0.7440000000000001,0.648833582766796
0.0,3.6278013174671226,0.0,0.0,0.8640000000000001,0.0,0.8640000000000001,0.602119513717796
0.0,2.2829016852097235,0.0,0.0,1.656,0.0,1.656,0.528004112305229
0.0,1.5086503551973567,0.0,0.0,1.544,0.0,1.544,0.409203394699201
0.0,0.9966816052997068,0.0,0.0,0.912,0.0,0.912,0.255856027192497
0.6384920171419117,0.0,0.0,0.0,0.8095079828580884,0.0,1.4480000000000002,0.108513382168924
2.1723587799477335,0.0,0.0,0.0,0.027641220052266866,0.0,2.2,0.0037052658388333397
1.632,0.0,0.0,0.0,0.0,0.0,1.632,0.0
2.1919999999999997,0.0,0.0,0.0,0.0,0.0,2.1919999999999997,0.0
1.984,0.0,0.0,0.0,0.0,0.0,1.984,0.0
1.136,0.0,0.0,0.0,0.0,0.0,1.136,0.0
0.624,0.0,0.0,0.0,0.0,0.0,0.624,0.0
0.47200000000000003,0.0,0.0,0.0,0.0,0.0,0.47200000000000003,0.0
0.632,0.0,0.0,0.0,0.0,0.0,0.632,0.0
0.504,0.0,0.0,0.0,0.0,0.0,0.504,0.0
0.688,0.0,0.0,0.0,0.0,0.0,0.688,0.0
0.528,0.0,0.0,0.0,0.0,0.0,0.528,0.0
0.5305065834300751,0.0,0.0,0.0,0.26149341656992503,0.0,0.792,0.0350528168316832
0.09886599077396618,0.0,0.0,0.0,0.8691340092260338,0.0,0.968,0.116506165345237
0.0,1.1185908547803227,0.0,0.0,1.104,0.0,1.104,0.297935111125659
0.0,2.015491257677972,0.0,0.0,1.368,0.0,1.368,0.453552142393125
0.0,3.1040526293803294,0.0,0.0,0.904,0.0,0.904,0.537273697029562
0.0,2.9962577220870155,0.0,0.0,0.68,0.0,0.68,0.492797066361012
0.0,3.1605916326367742,0.0,0.0,0.728,0.0,0.728,0.521260122032876
0.0,2.959364792162451,0.0,0.0,0.92,0.0,0.92,0.520023277322504
0.0,3.162242044143452,0.0,0.0,0.7440000000000001,0.0,0.7440000000000001,0.523626134338895
0.0,1.8909034755760405,0.0,0.0,0.976,0.0,0.976,0.384304292328562
0.0,0.1254198183063262,0.0,0.0,1.776,0.0,1.776,0.254882595078264
0.0,0.004680827920038544,0.0,0.0,1.248,0.0,1.248,0.16792006539063503
0.9537804180198279,0.0,0.0,0.0,0.4382195819801719,0.0,1.392,0.0587427054214199
0.817796187737602,0.0,0.0,0.0,0.022203812262398,0.0,0.84,0.00297638913594138
1.1840000000000002,0.0,0.0,0.0,0.0,0.0,1.1840000000000002,0.0
1.0,0.0,0.0,0.0,0.0,0.0,1.0,0.0
0.64,0.0,0.0,0.0,0.0,0.0,0.64,0.0
0.7759999999999999,0.0,0.0,0.0,0.0,0.0,0.7759999999999999,0.0
0.696,0.0,0.0,0.0,0.0,0.0,0.696,0.0
0.9359999999999999,0.0,0.0,0.0,0.0,0.0,0.9359999999999999,0.0
0.688,0.0,0.0,0.0,0.0,0.0,0.688,0.0
0.41600000000000004,0.0,0.0,0.0,0.0,0.0,0.41600000000000004,0.0
0.43200000000000005,0.0,0.0,0.0,0.0,0.0,0.43200000000000005,0.0
0.6559999999999999,0.0,0.0,0.0,0.0,0.0,0.6559999999999999,0.0
0.732136111201331,0.0,0.0,0.0,0.24386388879866894,0.0,0.976,0.032689603960396
0.29057494887692237,0.0,0.0,0.0,0.7094250511230776,0.0,1.0,0.09509740894824802
0.0,0.7973419859355969,0.0,0.0,0.608,0.0,0.608,0.188384074310726
0.0,1.4557226747766865,0.0,0.0,0.6559999999999999,0.0,0.6559999999999999,0.28307339086858196
0.0,1.9738331744842998,0.0,0.0,0.6,0.0,0.6,0.345018639489849
0.0,1.3293499042440577,0.0,0.0,1.68,0.0,1.68,0.40339903145402
0.0,2.2780421913747193,0.0,0.0,0.92,0.0,0.92,0.428692961469936
0.0,2.5526158200967517,0.0,0.0,0.696,0.0,0.696,0.4354722837464221
0.0,2.3292171751261783,0.0,0.0,0.6559999999999999,0.0,0.6559999999999999,0.40016407378466906
0.0,0.41641931405075816,0.0,0.0,2.12,0.0,2.12,0.340003365247209
1.6479853429537785,0.0,0.0,0.0,1.856014657046221,0.0,3.5039999999999996,0.24879609844006698
2.6197905584399286,0.0,0.0,0.0,1.1882094415600717,0.0,3.8080000000000003,0.1592777686682
3.1344036147112133,0.0,0.0,0.0,0.5295963852887863,0.0,3.6639999999999997,0.0709916346336974
1.351891837150656,0.0,0.0,0.0,0.05610816284934395,0.0,1.4080000000000001,0.007521218625381279
1.32,0.0,0.0,0.0,0.0,0.0,1.32,0.0
1.2,0.0,0.0,0.0,0.0,0.0,1.2,0.0
1.0959999999999999,0.0,0.0,0.0,0.0,0.0,1.0959999999999999,0.0
0.976,0.0,0.0,0.0,0.0,0.0,0.976,0.0
0.88,0.0,0.0,0.0,0.0,0.0,0.88,0.0
0.68,0.0,0.0,0.0,0.0,0.0,0.68,0.0
0.496,0.0,0.0,0.0,0.0,0.0,0.496,0.0
0.392,0.0,0.0,0.0,0.0,0.0,0.392,0.0
0.528,0.0,0.0,0.0,0.0,0.0,0.528,0.0
0.736,0.0,0.0,0.0,0.0,0.0,0.736,0.0
0.6,0.0,0.0,0.0,0.0,0.0,0.6,0.0
0.5331004143354425,0.0,0.0,0.0,0.16289958566455745,0.0,0.696,0.0218364554379896
0.10427327723090007,0.0,0.0,0.0,0.4637267227690999,0.0,0.568,0.0621619010008052
0.12484172977808117,0.0,0.0,0.0,0.7791582702219189,0.0,0.904,0.104445046790219
0.3779455537653804,0.0,0.0,0.0,1.0300544462346197,0.0,1.4080000000000001,0.138077318749124
0.0,1.6824697960490822,0.0,0.0,1.368,0.0,1.368,0.40891109387795
0.0,0.7675404545801974,0.0,0.0,2.168,0.0,2.168,0.393504980760691
0.0,1.5840537059790265,0.0,0.0,1.32,0.0,1.32,0.38928422734433504
0.0,0.40138594738166433,0.0,0.0,1.3840000000000001,0.0,1.3840000000000001,0.23932842137421698
0.5610674297755243,0.0,0.0,0.0,1.678932570224476,0.0,2.24,0.225058499096433
0.5714637819053474,0.0,0.0,0.0,0.9805362180946524,0.0,1.5519999999999998,0.131439471404483
2.5153825157678904,0.0,0.0,0.0,0.5566174842321099,0.0,3.072,0.0746137741287383
5.129771843983697,0.0,0.0,0.0,0.2862281560163033,0.0,5.416,0.0383684731207258
2.18347931171102,0.0,0.0,0.0,0.056520688288980554,0.0,2.24,0.0075765170679335594
1.848,0.0,0.0,0.0,0.0,0.0,1.848,0.0
1.12,0.0,0.0,0.0,0.0,0.0,1.12,0.0
0.9840000000000001,0.0,0.0,0.0,0.0,0.0,0.9840000000000001,0.0
0.904,0.0,0.0,0.0,0.0,0.0,0.904,0.0
0.8959999999999999,0.0,0.0,0.0,0.0,0.0,0.8959999999999999,0.0
0.784,0.0,0.0,0.0,0.0,0.0,0.784,0.0
0.648,0.0,0.0,0.0,0.0,0.0,0.648,0.0
0.408,0.0,0.0,0.0,0.0,0.0,0.408,0.0
0.6,0.0,0.0,0.0,0.0,0.0,0.6,0.0
0.8640000000000001,0.0,0.0,0.0,0.0,0.0,0.8640000000000001,0.0
0.6678280648666723,0.0,0.0,0.0,0.14017193513332754,0.0,0.8079999999999999,0.0187898465346535
0.11681373004134399,0.0,0.0,0.0,0.675186269958656,0.0,0.792,0.09050774952033801
0.0,0.8214627290067718,0.0,0.0,0.6559999999999999,0.0,0.6559999999999999,0.19805175631128896
0.0,1.846084466055923,0.0,0.0,0.816,0.0,0.816,0.35684859834386995
0.0,2.885987523535323,0.0,0.0,0.88,0.0,0.88,0.5048252173399861
0.0,2.823081027001062,0.0,0.0,1.008,0.0,1.008,0.513550907966721
0.0,2.877191433587248,0.0,0.0,0.816,0.0,0.816,0.495067006060773
0.0,1.7844088356142072,0.0,0.0,1.544,0.0,1.544,0.44616842284647895
0.0,1.7891230586687776,0.0,0.0,1.368,0.0,1.368,0.42320781051482903
0.0,2.1604702682156285,0.0,0.0,0.792,0.0,0.792,0.395774397957275
0.0,1.7099910004160195,0.0,0.0,0.768,0.0,0.768,0.332171133742157
0.0,1.0636382336355634,0.0,0.0,0.688,0.0,0.688,0.234804588828269
1.8253734307631333,0.0,0.0,0.0,0.950626569236867,0.0,2.7760000000000002,0.127430125943078
2.1819940111140417,0.0,0.0,0.0,0.07400598888595793,0.0,2.256,0.009920396493704391
1.376,0.0,0.0,0.0,0.0,0.0,1.376,0.0
1.8319999999999999,0.0,0.0,0.0,0.0,0.0,1.8319999999999999,0.0
1.3359999999999999,0.0,0.0,0.0,0.0,0.0,1.3359999999999999,0.0
0.784,0.0,0.0,0.0,0.0,0.0,0.784,0.0
0.768,0.0,0.0,0.0,0.0,0.0,0.768,0.0
0.7040000000000001,0.0,0.0,0.0,0.0,0.0,0.7040000000000001,0.0
0.5760000000000001,0.0,0.0,0.0,0.0,0.0,0.5760000000000001,0.0
0.624,0.0,0.0,0.0,0.0,0.0,0.624,0.0
0.376,0.0,0.0,0.0,0.0,0.0,0.376,0.0
0.64,0.0,0.0,0.0,0.0,0.0,0.64,0.0
0.38340813893054304,0.0,0.0,0.0,0.11259186106945693,0.0,0.496,0.0150927772277228
0.4633338742628132,0.0,0.0,0.0,0.4086661257371868,0.0,0.872,0.0547811070683252
0.0,0.4681471980952978,0.0,0.0,0.8240000000000001,0.0,0.8240000000000001,0.173210475615532
0.0,0.8409665670935191,0.0,0.0,1.072,0.0,1.072,0.256430420165213
0.0,1.978905850474382,0.0,0.0,1.224,0.0,1.224,0.42934492798514895
0.0,2.4267188043904433,0.0,0.0,0.8,0.0,0.8,0.43253702024808294
0.0,2.629024855942912,0.0,0.0,0.7120000000000001,0.0,0.7120000000000001,0.44785958224746003
0.0,0.5336074104252717,0.0,0.0,1.056,0.0,1.056,0.21308458974921599
0.0,1.0491485363652986,0.0,0.0,1.44,0.0,1.44,0.333666785407324
0.0,0.9668982713426331,0.0,0.0,1.128,0.0,1.128,0.28081810375806104
0.019355570609353556,0.0,0.0,0.0,1.4046444293906466,0.0,1.4240000000000002,0.18829056785798
0.0,0.43070017381037584,0.0,0.0,0.888,0.0,0.888,0.17676986386432897
0.19816301048600993,0.0,0.0,0.0,0.7218369895139901,0.0,0.92,0.0967612114586506
2.6462301270750377,0.0,0.0,0.0,0.09776987292496202,0.0,2.7439999999999998,0.0131059110101122
1.8880000000000001,0.0,0.0,0.0,0.0,0.0,1.8880000000000001,0.0
1.744,0.0,0.0,0.0,0.0,0.0,1.744,0.0
0.96,0.0,0.0,0.0,0.0,0.0,0.96,0.0
0.9279999999999999,0.0,0.0,0.0,0.0,0.0,0.9279999999999999,0.0
0.8320000000000001,0.0,0.0,0.0,0.0,0.0,0.8320000000000001,0.0
0.5760000000000001,0.0,0.0,0.0,0.0,0.0,0.5760000000000001,0.0
0.46399999999999997,0.0,0.0,0.0,0.0,0.0,0.46399999999999997,0.0
0.47200000000000003,0.0,0.0,0.0,0.0,0.0,0.47200000000000003,0.0
0.456,0.0,0.0,0.0,0.0,0.0,0.456,0.0
0.784,0.0,0.0,0.0,0.0,0.0,0.784,0.0
0.7387026945055974,0.0,0.0,0.0,0.16529730549440255,0.0,0.904,0.0221578663366337
0.6965103310303487,0.0,0.0,0.0,0.23148966896965123,0.0,0.9279999999999999,0.0310308575690292
0.03496967128341533,0.0,0.0,0.0,0.5410303287165847,0.0,0.5760000000000001,0.0725243383242749
0.0,0.43655364230742766,0.0,0.0,0.72,0.0,0.72,0.155034354254871
0.4524550290305873,0.0,0.0,0.0,1.1475449709694128,0.0,1.6,0.15382675480380098
0.0,0.7633663395170316,0.0,0.0,1.232,0.0,1.232,0.267475991283679
0.0,0.8185616889304181,0.0,0.0,1.0959999999999999,0.0,1.0959999999999999,0.256644243955909
0.0,1.6900821388510163,0.0,0.0,0.968,0.0,0.968,0.356312092131766
0.0,1.4959872947864545,0.0,0.0,1.168,0.0,1.168,0.35710366980160796
0.0,1.3798386750829534,0.0,0.0,1.1520000000000001,0.0,1.1520000000000001,0.3393893371740869
0.0,0.3491649956201983,0.0,0.0,1.88,0.0,1.88,0.298816365260882
1.0127405893558128,0.0,0.0,0.0,1.3792594106441871,0.0,2.392,0.184887742562948
2.222247049060885,0.0,0.0,0.0,0.5857529509391152,0.0,2.8080000000000003,0.0785193415850156
2.2995685765259504,0.0,0.0,0.0,0.07643142347404942,0.0,2.376,0.0102455225158766
1.9280000000000002,0.0,0.0,0.0,0.0,0.0,1.9280000000000002,0.0
1.6159999999999999,0.0,0.0,0.0,0.0,0.0,1.6159999999999999,0.0
1.208,0.0,0.0,0.0,0.0,0.0,1.208,0.0
1.088,0.0,0.0,0.0,0.0,0.0,1.088,0.0
0.9840000000000001,0.0,0.0,0.0,0.0,0.0,0.9840000000000001,0.0
0.52,0.0,0.0,0.0,0.0,0.0,0.52,0.0
0.488,0.0,0.0,0.0,0.0,0.0,0.488,0.0
0.4,0.0,0.0,0.0,0.0,0.0,0.4,0.0
0.608,0.0,0.0,0.0,0.0,0.0,0.608,0.0
0.616,0.0,0.0,0.0,0.0,0.0,0.616,0.0
0.98572222235773,0.0,0.0,0.0,0.36627777764226993,0.0,1.3519999999999999,0.0490990099009901
0.0,0.4821837093339957,0.0,0.0,0.616,0.0,0.616,0.14720994859359804
0.0,1.7689238821509774,0.0,0.0,0.688,0.0,0.688,0.32934711680359496
0.0,2.9159788603569194,0.0,0.0,0.8079999999999999,0.0,0.8079999999999999,0.499194016390257
0.0,3.9063635892413062,0.0,0.0,0.7759999999999999,0.0,0.7759999999999999,0.6276641124887701
0.0,4.537188533082348,0.0,0.0,0.76,0.0,0.76,0.710080512957678
0.0,4.965376324373114,0.0,0.0,0.552,0.0,0.552,0.7395963700600471
0.0,5.020562329676894,0.0,0.0,0.43200000000000005,0.0,0.43200000000000005,0.7309081471823259
0.0,4.63702048241908,0.0,0.0,0.512,0.0,0.512,0.6902187986233969
0.0,3.4720131399571184,0.0,0.0,1.016,0.0,1.016,0.601611713964648
0.0,2.7513189106194877,0.0,0.0,0.752,0.0,0.752,0.46961486712641204
0.0,1.5655228821798945,0.0,0.0,0.68,0.0,0.68,0.30100911645459005
0.516287192730136,0.0,0.0,0.0,0.987712807269864,0.0,1.504,0.132401482873585
2.2321372621766495,0.0,0.0,0.0,0.07186273782335052,0.0,2.3040000000000003,0.00963309676774055
2.208,0.0,0.0,0.0,0.0,0.0,2.208,0.0
1.5119999999999998,0.0,0.0,0.0,0.0,0.0,1.5119999999999998,0.0
1.48,0.0,0.0,0.0,0.0,0.0,1.48,0.0
1.192,0.0,0.0,0.0,0.0,0.0,1.192,0.0
1.04,0.0,0.0,0.0,0.0,0.0,1.04,0.0
0.9440000000000001,0.0,0.0,0.0,0.0,0.0,0.9440000000000001,0.0
0.41600000000000004,0.0,0.0,0.0,0.0,0.0,0.41600000000000004,0.0
0.456,0.0,0.0,0.0,0.0,0.0,0.456,0.0
0.43200000000000005,0.0,0.0,0.0,0.0,0.0,0.43200000000000005,0.0
0.6559999999999999,0.0,0.0,0.0,0.0,0.0,0.6559999999999999,0.0
0.3568712038350866,0.0,0.0,0.0,0.3551287961649135,0.0,0.7120000000000001,0.0476045049504951
0.0,0.48146829208965236,0.0,0.0,0.608,0.0,0.608,0.146041659432498
0.0,1.6706106217685956,0.0,0.0,0.7040000000000001,0.0,0.7040000000000001,0.31831314249996
0.0,2.721137965894594,0.0,0.0,0.88,0.0,0.88,0.482727370959906
0.0,3.4512121469418044,0.0,0.0,1.088,0.0,1.088,0.6084748672988289
0.0,3.4248658582537,0.0,0.0,1.7280000000000002,0.0,1.7280000000000002,0.690734265729789
0.0,3.625875621935883,0.0,0.0,1.776,0.0,1.776,0.7241136668257941
0.0,2.2395301303275392,0.0,0.0,3.088,0.0,3.088,0.714147760479881
0.0,3.304473700035397,0.0,0.0,1.6880000000000002,0.0,1.6880000000000002,0.669233927338818
0.0,3.307000503424738,0.0,0.0,1.008,0.0,1.008,0.578419618586161
0.0,2.324142723535409,0.0,0.0,1.048,0.0,1.048,0.452030887694535
0.0,0.5239584906012225,0.0,0.0,1.6159999999999999,0.0,1.6159999999999999,0.28685836141649607
2.265117000736133,0.0,0.0,0.0,0.9348829992638673,0.0,3.2,0.125319723005294
1.4189994093637053,0.0,0.0,0.0,0.06900059063629488,0.0,1.4880000000000002,0.0092494300490553
1.632,0.0,0.0,0.0,0.0,0.0,1.632,0.0
1.44,0.0,0.0,0.0,0.0,0.0,1.44,0.0
0.912,0.0,0.0,0.0,0.0,0.0,0.912,0.0
0.872,0.0,0.0,0.0,0.0,0.0,0.872,0.0
0.552,0.0,0.0,0.0,0.0,0.0,0.552,0.0
0.56,0.0,0.0,0.0,0.0,0.0,0.56,0.0
0.504,0.0,0.0,0.0,0.0,0.0,0.504,0.0
0.552,0.0,0.0,0.0,0.0,0.0,0.552,0.0
0.512,0.0,0.0,0.0,0.0,0.0,0.512,0.0
0.5760000000000001,0.0,0.0,0.0,0.0,0.0,0.5760000000000001,0.0
0.5191202779083288,0.0,0.0,0.0,0.3528797220916711,0.0,0.872,0.0473030198019802
0.0,0.08586479117779888,0.0,0.0,0.9840000000000001,0.0,0.9840000000000001,0.143413838297509
0.0,1.4878399499174084,0.0,0.0,0.64,0.0,0.64,0.285233888447237
0.0,2.4769813793464914,0.0,0.0,0.688,0.0,0.688,0.424261207112471
0.0,3.045503115147747,0.0,0.0,0.888,0.0,0.888,0.527280441743967
0.0,3.5416387401895904,0.0,0.0,0.9359999999999999,0.0,0.9359999999999999,0.600221040579597
0.0,3.8465368396503905,0.0,0.0,1.2,0.0,1.2,0.6764810135375
0.0,4.1547998866459785,0.0,0.0,0.84,0.0,0.84,0.6695457493121839
0.0,4.235094555508132,0.0,0.0,0.648,0.0,0.648,0.6545718101482111
0.0,3.3927800828514894,0.0,0.0,0.568,0.0,0.568,0.5309368800787629
0.5083502346047446,0.0,0.0,0.0,3.075649765395255,0.0,3.5839999999999996,0.41228643259544606
1.4819274185712281,0.0,0.0,0.0,1.9260725814287718,0.0,3.408,0.25818726255885
1.6334872045815763,0.0,0.0,0.0,0.8305127954184237,0.0,2.464,0.11132904711727802
1.0303241882501992,0.0,0.0,0.0,0.09767581174980057,0.0,1.128,0.0130933022447094
1.528,0.0,0.0,0.0,0.0,0.0,1.528,0.0
1.056,0.0,0.0,0.0,0.0,0.0,1.056,0.0
1.136,0.0,0.0,0.0,0.0,0.0,1.136,0.0
0.856,0.0,0.0,0.0,0.0,0.0,0.856,0.0
0.47200000000000003,0.0,0.0,0.0,0.0,0.0,0.47200000000000003,0.0
0.424,0.0,0.0,0.0,0.0,0.0,0.424,0.0
0.528,0.0,0.0,0.0,0.0,0.0,0.528,0.0
0.6,0.0,0.0,0.0,0.0,0.0,0.6,0.0
0.536,0.0,0.0,0.0,0.0,0.0,0.536,0.0
0.48,0.0,0.0,0.0,0.0,0.0,0.48,0.0
0.1944305951593855,0.0,0.0,0.0,0.2855694048406145,0.0,0.48,0.0382801684719818
0.4414712694020587,0.0,0.0,0.0,0.9985287305979412,0.0,1.44,0.133851341857638
0.0,0.7598155416514079,0.0,0.0,1.432,0.0,1.432,0.293809724612316
0.0,1.6111823456162915,0.0,0.0,0.8959999999999999,0.0,0.8959999999999999,0.33608419163018205
0.0,2.8221671133859623,0.0,0.0,0.7440000000000001,0.0,0.7440000000000001,0.478039578419993
0.0,0.1621107777739912,0.0,0.0,2.208,0.0,2.208,0.317709944876926
0.0,1.4515910121435431,0.0,0.0,1.376,0.0,1.376,0.379034513081431
0.0,0.18366136314799197,0.0,0.0,2.312,0.0,2.312,0.334539820481265
0.0,0.3275407393772567,0.0,0.0,2.376,0.0,2.376,0.362405752226818
0.0,1.7680496304804807,0.0,0.0,1.7919999999999998,0.0,1.7919999999999998,0.477219538624844
0.0,1.3165899525689513,0.0,0.0,1.088,0.0,1.088,0.32233182872566196
0.03670238576328755,0.0,0.0,0.0,1.5552976142367123,0.0,1.5919999999999999,0.20848541085933997
2.1385195162131225,0.0,0.0,0.0,0.7574804837868779,0.0,2.8960000000000004,0.10153917066075001
2.2569377451886137,0.0,0.0,0.0,0.09506225481138626,0.0,2.352,0.0127429586917316
1.368,0.0,0.0,0.0,0.0,0.0,1.368,0.0
1.24,0.0,0.0,0.0,0.0,0.0,1.24,0.0
0.88,0.0,0.0,0.0,0.0,0.0,0.88,0.0
0.8959999999999999,0.0,0.0,0.0,0.0,0.0,0.8959999999999999,0.0
0.56,0.0,0.0,0.0,0.0,0.0,0.56,0.0
0.43200000000000005,0.0,0.0,0.0,0.0,0.0,0.43200000000000005,0.0
0.41600000000000004,0.0,0.0,0.0,0.0,0.0,0.41600000000000004,0.0
0.496,0.0,0.0,0.0,0.0,0.0,0.496,0.0
0.616,0.0,0.0,0.0,0.0,0.0,0.616,0.0
0.632,0.0,0.0,0.0,0.0,0.0,0.632,0.0
0.8881943240917601,0.0,0.0,0.0,0.04780567590823977,0.0,0.9359999999999999,0.00640828217821782
0.17304008031848034,0.0,0.0,0.0,0.40295991968151973,0.0,0.5760000000000001,0.0540161983440566
0.0,0.5094112513597854,0.0,0.0,0.6,0.0,0.6,0.148714984472751
0.0,1.1047362228269966,0.0,0.0,0.728,0.0,0.728,0.24567565777460698
0.0,1.422170130579024,0.0,0.0,1.0,0.0,1.0,0.32468842633235806
0.0,2.0761637384535123,0.0,0.0,0.736,0.0,0.736,0.37696650920599
0.0,1.7064822134225441,0.0,0.0,1.32,0.0,1.32,0.405695592887247
0.0,1.930260748220473,0.0,0.0,1.192,0.0,1.192,0.4185345678821721
0.0,1.4559104898285986,0.0,0.0,1.5119999999999998,0.0,1.5119999999999998,0.39784413748318503
0.0,1.4772925327341413,0.0,0.0,1.128,0.0,1.128,0.349235721268958
0.0,1.128500139201412,0.0,0.0,0.9359999999999999,0.0,0.9359999999999999,0.276743277814263
0.25485611019122967,0.0,0.0,0.0,1.3771438898087702,0.0,1.632,0.184604160034102
1.616743937115937,0.0,0.0,0.0,0.6312560628840633,0.0,2.248,0.0846189683718006
1.9451229859717525,0.0,0.0,0.0,0.07887701402824762,0.0,2.024,0.0105733504163495
1.264,0.0,0.0,0.0,0.0,0.0,1.264,0.0
2.6639999999999997,0.0,0.0,0.0,0.0,0.0,2.6639999999999997,0.0
1.1440000000000001,0.0,0.0,0.0,0.0,0.0,1.1440000000000001,0.0
0.856,0.0,0.0,0.0,0.0,0.0,0.856,0.0
0.88,0.0,0.0,0.0,0.0,0.0,0.88,0.0
0.5920000000000001,0.0,0.0,0.0,0.0,0.0,0.5920000000000001,0.0
0.44799999999999995,0.0,0.0,0.0,0.0,0.0,0.44799999999999995,0.0
0.41600000000000004,0.0,0.0,0.0,0.0,0.0,0.41600000000000004,0.0
0.528,0.0,0.0,0.0,0.0,0.0,0.528,0.0
0.7440000000000001,0.0,0.0,0.0,0.0,0.0,0.7440000000000001,0.0
0.8390056852358676,0.0,0.0,0.0,0.13699431476413243,0.0,0.976,0.0183638910891089
0.11391122436932155,0.0,0.0,0.0,0.6700887756306785,0.0,0.784,0.0898244377286954
0.0,1.1697452192246465,0.0,0.0,0.52,0.0,0.52,0.226507919161534
0.0,1.8810340334382336,0.0,0.0,0.7759999999999999,0.0,0.7759999999999999,0.35617159510688295
0.0,2.4253204822219208,0.0,0.0,0.92,0.0,0.92,0.44843540477909605
0.0,2.8035597478527956,0.0,0.0,0.9440000000000001,0.0,0.9440000000000001,0.50235500048295
0.0,3.4428903186453996,0.0,0.0,0.5920000000000001,0.0,0.5920000000000001,0.540871250720718
0.0,3.561380392579997,0.0,0.0,0.56,0.0,0.56,0.5524651208806479
0.0,2.256885735787467,0.0,0.0,1.6159999999999999,0.0,1.6159999999999999,0.519154769123202
0.0,2.4837584235446273,0.0,0.0,0.8959999999999999,0.0,0.8959999999999999,0.4530517613401121
0.0,1.88711411358091,0.0,0.0,0.84,0.0,0.84,0.36556572917348207
0.0,1.2049126220482744,0.0,0.0,0.616,0.0,0.616,0.244090721075917
0.4515220857916281,0.0,0.0,0.0,0.8124779142083719,0.0,1.264,0.10891149719984801
2.6385206566424273,0.0,0.0,0.0,0.06547934335757223,0.0,2.7039999999999997,0.00877741190994042
1.56,0.0,0.0,0.0,0.0,0.0,1.56,0.0
1.64,0.0,0.0,0.0,0.0,0.0,1.64,0.0
0.92,0.0,0.0,0.0,0.0,0.0,0.92,0.0
0.784,0.0,0.0,0.0,0.0,0.0,0.784,0.0
0.64,0.0,0.0,0.0,0.0,0.0,0.64,0.0
0.6,0.0,0.0,0.0,0.0,0.0,0.6,0.0
0.41600000000000004,0.0,0.0,0.0,0.0,0.0,0.41600000000000004,0.0
0.44799999999999995,0.0,0.0,0.0,0.0,0.0,0.44799999999999995,0.0
0.568,0.0,0.0,0.0,0.0,0.0,0.568,0.0
0.752,0.0,0.0,0.0,0.0,0.0,0.752,0.0
0.8218993519828548,0.0,0.0,0.0,0.35410064801714514,0.0,1.176,0.0474666831683168
0.0,0.40614550652038506,0.0,0.0,0.68,0.0,0.68,0.145596244800427
0.0,1.6209378846645959,0.0,0.0,0.512,0.0,0.512,0.285917259276442
0.0,2.2921588911911406,0.0,0.0,0.8079999999999999,0.0,0.8079999999999999,0.415571845698755
0.0,2.5158783714444937,0.0,0.0,1.368,0.0,1.368,0.5206283161410871
0.0,3.0390421845102007,0.0,0.0,1.472,0.0,1.472,0.6046987243036329
0.0,4.051125213680649,0.0,0.0,0.792,0.0,0.792,0.6492139772958989
0.0,3.8039256490052953,0.0,0.0,1.104,0.0,1.104,0.65790038255934
0.0,3.7136507135892947,0.0,0.0,0.784,0.0,0.784,0.6029036168647739
0.0,2.985731191085298,0.0,0.0,0.9520000000000001,0.0,0.9520000000000001,0.527847209249373
0.0,2.0004974516176417,0.0,0.0,1.032,0.0,1.032,0.40650192692585296
0.0,0.9414827993666659,0.0,0.0,1.032,0.0,1.032,0.264542534164255
1.866962534797598,0.0,0.0,0.0,0.9730374652024019,0.0,2.84,0.13043427435192997
2.80438153382556,0.0,0.0,0.0,0.07561846617443983,0.0,2.88,0.0101365467577524
1.824,0.0,0.0,0.0,0.0,0.0,1.824,0.0
1.6640000000000001,0.0,0.0,0.0,0.0,0.0,1.6640000000000001,0.0
1.1840000000000002,0.0,0.0,0.0,0.0,0.0,1.1840000000000002,0.0
1.8319999999999999,0.0,0.0,0.0,0.0,0.0,1.8319999999999999,0.0
0.92,0.0,0.0,0.0,0.0,0.0,0.92,0.0
0.976,0.0,0.0,0.0,0.0,0.0,0.976,0.0
0.52,0.0,0.0,0.0,0.0,0.0,0.52,0.0
0.47200000000000003,0.0,0.0,0.0,0.0,0.0,0.47200000000000003,0.0
0.424,0.0,0.0,0.0,0.0,0.0,0.424,0.0
0.64,0.0,0.0,0.0,0.0,0.0,0.64,0.0
0.6322008908941208,0.0,0.0,0.0,0.13579910910587922,0.0,0.768,0.0182036754876437
0.21829547524806792,0.0,0.0,0.0,0.6057045247519321,0.0,0.8240000000000001,0.0811938213923398
0.0,0.7315954521918606,0.0,0.0,0.792,0.0,0.792,0.20423578158032
0.46850962642271465,0.0,0.0,0.0,2.4434903735772853,0.0,2.912,0.327546374277771
0.3384547587182616,0.0,0.0,0.0,3.157545241281739,0.0,3.4960000000000004,0.42326440348759203
0.0,0.9787720089125385,0.0,0.0,2.696,0.0,2.696,0.49259790864433795
0.18206977861830342,0.0,0.0,0.0,3.8979302213816966,0.0,4.08,0.522511946438385
0.0,1.2862746677471524,0.0,0.0,2.56,0.0,2.56,0.5155875936816621
0.0,1.9717355790432824,0.0,0.0,1.6,0.0,1.6,0.47878602324174
0.0,1.399322542629356,0.0,0.0,1.784,0.0,1.784,0.426719813701759
0.0,0.4680163489539102,0.0,0.0,2.016,0.0,2.016,0.33297882305769
0.0,0.29044841529515786,0.0,0.0,1.3519999999999999,0.0,1.3519999999999999,0.220167850541026
1.4192198945067507,0.0,0.0,0.0,0.7407801054932495,0.0,2.16,0.0993005089421295
2.6484069714144884,0.0,0.0,0.0,0.09559302858551154,0.0,2.7439999999999998,0.0128141081536474
2.64,0.0,0.0,0.0,0.0,0.0,2.64,0.0
1.584,0.0,0.0,0.0,0.0,0.0,1.584,0.0
2.16,0.0,0.0,0.0,0.0,0.0,2.16,0.0
1.216,0.0,0.0,0.0,0.0,0.0,1.216,0.0
0.64,0.0,0.0,0.0,0.0,0.0,0.64,0.0
0.536,0.0,0.0,0.0,0.0,0.0,0.536,0.0
0.456,0.0,0.0,0.0,0.0,0.0,0.456,0.0
0.456,0.0,0.0,0.0,0.0,0.0,0.456,0.0
0.568,0.0,0.0,0.0,0.0,0.0,0.568,0.0
0.624,0.0,0.0,0.0,0.0,0.0,0.624,0.0
0.267805453791086,0.0,0.0,0.0,0.23619454620891397,0.0,0.504,0.0316615396039604
0.0,0.20341288412720326,0.0,0.0,0.56,0.0,0.56,0.10233440040392801
0.0,0.797900913363104,0.0,0.0,0.664,0.0,0.664,0.195965717280245
0.0,0.7934860958714329,0.0,0.0,1.4880000000000002,0.0,1.4880000000000002,0.305829933585453
0.0,1.9896369903655486,0.0,0.0,0.9440000000000001,0.0,0.9440000000000001,0.39324982411722
0.0,1.9092743985401002,0.0,0.0,1.264,0.0,1.264,0.425372874421684
0.0,0.9873292447839019,0.0,0.0,2.56,0.0,2.56,0.47551438919622996
0.0,2.615831556578916,0.0,0.0,0.7120000000000001,0.0,0.7120000000000001,0.446091039421113
0.0,2.1822879770478805,0.0,0.0,1.5919999999999999,0.0,1.5919999999999999,0.505937881208974
0.0,0.8867754201173654,0.0,0.0,2.088,0.0,2.088,0.398764371526286
0.0,0.9435970117083003,0.0,0.0,1.24,0.0,1.24,0.292708042480122
0.0,0.5327585186739463,0.0,0.0,0.96,0.0,0.96,0.20010213494235501
1.5550355724399711,0.0,0.0,0.0,0.8289644275600287,0.0,2.384,0.11112149063023402
1.2117960552874854,0.0,0.0,0.0,0.10820394471251471,0.0,1.32,0.014504583343723
0.888,0.0,0.0,0.0,0.0,0.0,0.888,0.0
1.272,0.0,0.0,0.0,0.0,0.0,1.272,0.0
1.192,0.0,0.0,0.0,0.0,0.0,1.192,0.0
0.68,0.0,0.0,0.0,0.0,0.0,0.68,0.0
0.504,0.0,0.0,0.0,0.0,0.0,0.504,0.0
0.52,0.0,0.0,0.0,0.0,0.0,0.52,0.0
0.5760000000000001,0.0,0.0,0.0,0.0,0.0,0.5760000000000001,0.0
0.544,0.0,0.0,0.0,0.0,0.0,0.544,0.0
0.488,0.0,0.0,0.0,0.0,0.0,0.488,0.0
0.488,0.0,0.0,0.0,0.0,0.0,0.488,0.0
0.7027983868479586,0.0,0.0,0.0,0.3052016131520415,0.0,1.008,0.0409118377926428
0.0,0.09981322344061838,0.0,0.0,0.976,0.0,0.976,0.144211217096866
0.0,1.7256700546649646,0.0,0.0,0.672,0.0,0.672,0.32140422635270693
0.0,2.3038471379883805,0.0,0.0,0.608,0.0,0.608,0.39032892570920197
0.0,2.5446863145297436,0.0,0.0,0.856,0.0,0.856,0.455857115061813
0.0,2.5583599730379714,0.0,0.0,1.192,0.0,1.192,0.5027303666462399
0.0,1.597283715198217,0.0,0.0,1.7919999999999998,0.0,1.7919999999999998,0.45432861300231203
0.0,1.5101625306742166,0.0,0.0,1.344,0.0,1.344,0.38259638696802006
0.0,2.025173887694899,0.0,0.0,0.7040000000000001,0.0,0.7040000000000001,0.365841838934406
0.0,1.1649023020144804,0.0,0.0,1.0959999999999999,0.0,1.0959999999999999,0.30307070558945504
0.0,0.7088060820308641,0.0,0.0,1.256,0.0,1.256,0.26337943267029895
0.6481000315579017,0.0,0.0,0.0,1.3518999684420983,0.0,2.0,0.18122024864013103
2.426506597392832,0.0,0.0,0.0,0.6694934026071679,0.0,3.096,0.0897446288302023
2.790618853565421,0.0,0.0,0.0,0.12938114643457913,0.0,2.92,0.0173433568115538
2.112,0.0,0.0,0.0,0.0,0.0,2.112,0.0
2.1919999999999997,0.0,0.0,0.0,0.0,0.0,2.1919999999999997,0.0
1.208,0.0,0.0,0.0,0.0,0.0,1.208,0.0
0.768,0.0,0.0,0.0,0.0,0.0,0.768,0.0
0.848,0.0,0.0,0.0,0.0,0.0,0.848,0.0
0.56,0.0,0.0,0.0,0.0,0.0,0.56,0.0
0.44799999999999995,0.0,0.0,0.0,0.0,0.0,0.44799999999999995,0.0
0.384,0.0,0.0,0.0,0.0,0.0,0.384,0.0
0.5760000000000001,0.0,0.0,0.0,0.0,0.0,0.5760000000000001,0.0
0.736,0.0,0.0,0.0,0.0,0.0,0.736,0.0
1.0400454661866685,0.0,0.0,0.0,0.16795453381333147,0.0,1.208,0.0225140639754315
0.023521994206704866,0.0,0.0,0.0,0.6084780057932951,0.0,0.632,0.0815656025415721
0.0,0.3217593181557299,0.0,0.0,0.8959999999999999,0.0,0.8959999999999999,0.16323888717471302
0.005452358430894311,0.0,0.0,0.0,2.162547641569106,0.0,2.168,0.289886404652333
0.0,1.012115978886798,0.0,0.0,1.7919999999999998,0.0,1.7919999999999998,0.37588771859742404
0.0,1.6922089738455426,0.0,0.0,1.272,0.0,1.272,0.397347954583227
0.0,2.206213002478102,0.0,0.0,0.912,0.0,0.912,0.417991973380369
0.0,2.138845318888307,0.0,0.0,1.048,0.0,1.048,0.427192036798477
0.0,2.4028274926398154,0.0,0.0,0.912,0.0,0.912,0.44434786333161896
0.0,1.2363038469938796,0.0,0.0,1.304,0.0,1.304,0.340524081307743
0.0,1.1017520767653775,0.0,0.0,0.9359999999999999,0.0,0.9359999999999999,0.27315773847078195
0.0,0.33079829175406217,0.0,0.0,1.176,0.0,1.176,0.20198414635431
0.7945130904125521,0.0,0.0,0.0,0.7334869095874479,0.0,1.528,0.0983228665083083
2.472211174887797,0.0,0.0,0.0,0.12778882511220332,0.0,2.6,0.0171299084258064
1.4240000000000002,0.0,0.0,0.0,0.0,0.0,1.4240000000000002,0.0
2.04,0.0,0.0,0.0,0.0,0.0,2.04,0.0
1.712,0.0,0.0,0.0,0.0,0.0,1.712,0.0
0.92,0.0,0.0,0.0,0.0,0.0,0.92,0.0
0.8640000000000001,0.0,0.0,0.0,0.0,0.0,0.8640000000000001,0.0
0.8959999999999999,0.0,0.0,0.0,0.0,0.0,0.8959999999999999,0.0
0.848,0.0,0.0,0.0,0.0,0.0,0.848,0.0
0.44,0.0,0.0,0.0,0.0,0.0,0.44,0.0
0.48,0.0,0.0,0.0,0.0,0.0,0.48,0.0
0.44,0.0,0.0,0.0,0.0,0.0,0.44,0.0
0.5679595000207327,0.0,0.0,0.0,0.05604049997926734,0.0,0.624,0.007512148514851491
0.7976507778540343,0.0,0.0,0.0,0.3943492221459656,0.0,1.192,0.0528619467094802
0.8844954095436077,0.0,0.0,0.0,0.7875045904563922,0.0,1.672,0.105563859027388
0.04071744939177524,0.0,0.0,0.0,1.2152825506082248,0.0,1.256,0.162906880043076
0.6079372160521601,0.0,0.0,0.0,1.55206278394784,0.0,2.16,0.20805178650625
0.0,0.3678308724974644,0.0,0.0,1.608,0.0,1.608,0.264857289994214
0.0,0.17439773453257112,0.0,0.0,1.88,0.0,1.88,0.275389064981445
0.0,0.19843334802275847,0.0,0.0,1.784,0.0,1.784,0.26574234235331196
0.0,0.8106852090978517,0.0,0.0,0.9840000000000001,0.0,0.9840000000000001,0.24057497404802103
0.0,0.21532278815242045,0.0,0.0,1.248,0.0,1.248,0.196156317553098
0.2691535460749146,0.0,0.0,0.0,1.2028464539250854,0.0,1.472,0.161239839148306
1.4341138197409569,0.0,0.0,0.0,0.7898861802590432,0.0,2.224,0.10588310771905901
2.2560893445509786,0.0,0.0,0.0,0.4239106554490215,0.0,2.68,0.0568246143760176
2.5128532842360047,0.0,0.0,0.0,0.1111467157639948,0.0,2.6239999999999997,0.0148990575756107
1.896,0.0,0.0,0.0,0.0,0.0,1.896,0.0
1.28,0.0,0.0,0.0,0.0,0.0,1.28,0.0
0.8,0.0,0.0,0.0,0.0,0.0,0.8,0.0
0.888,0.0,0.0,0.0,0.0,0.0,0.888,0.0
0.7759999999999999,0.0,0.0,0.0,0.0,0.0,0.7759999999999999,0.0
0.7440000000000001,0.0,0.0,0.0,0.0,0.0,0.7440000000000001,0.0
0.528,0.0,0.0,0.0,0.0,0.0,0.528,0.0
0.504,0.0,0.0,0.0,0.0,0.0,0.504,0.0
0.584,0.0,0.0,0.0,0.0,0.0,0.584,0.0
0.512,0.0,0.0,0.0,0.0,0.0,0.512,0.0
0.5780522692757596,0.0,0.0,0.0,0.4059477307242405,0.0,0.9840000000000001,0.05441671012206599
0.0,0.40750559330004466,0.0,0.0,0.8,0.0,0.8,0.161864390088234
0.0,1.6847650513779042,0.0,0.0,0.624,0.0,0.624,0.309486638382349
0.0,2.6972839859169357,0.0,0.0,0.672,0.0,0.672,0.45164767802362005
0.0,2.2928470544196182,0.0,0.0,1.8880000000000001,0.0,1.8880000000000001,0.560436541470881
0.0,3.5889967234102524,0.0,0.0,1.128,0.0,1.128,0.632306634370412
0.0,4.330245639771623,0.0,0.0,0.76,0.0,0.76,0.682340115402011
0.0,4.503989521399992,0.0,0.0,0.5760000000000001,0.0,0.5760000000000001,0.680965297468158
0.0,4.121553200573165,0.0,0.0,0.736,0.0,0.736,0.651148028211701
0.0,3.4404128900430138,0.0,0.0,0.72,0.0,0.72,0.5576973710917671
0.0,1.4958277020014836,0.0,0.0,1.768,0.0,1.768,0.437511414662474
1.7097655562588403,0.0,0.0,0.0,2.0822344437411595,0.0,3.792,0.27912053586084495
1.1877116460984478,0.0,0.0,0.0,0.9482883539015522,0.0,2.136,0.12711669153644198
1.140933426588883,0.0,0.0,0.0,0.09906657341111691,0.0,1.24,0.0132797318474509
1.464,0.0,0.0,0.0,0.0,0.0,1.464,0.0
1.3519999999999999,0.0,0.0,0.0,0.0,0.0,1.3519999999999999,0.0
0.8240000000000001,0.0,0.0,0.0,0.0,0.0,0.8240000000000001,0.0
1.016,0.0,0.0,0.0,0.0,0.0,1.016,0.0
0.584,0.0,0.0,0.0,0.0,0.0,0.584,0.0
0.48,0.0,0.0,0.0,0.0,0.0,0.48,0.0
0.456,0.0,0.0,0.0,0.0,0.0,0.456,0.0
0.488,0.0,0.0,0.0,0.0,0.0,0.488,0.0
0.5759999999999987,0.0,0.0,0.0,0.0,0.0,0.5760000000000001,0.0
0.5519999999999978,0.0,0.0,0.0,0.0,0.0,0.552,0.0
0.7512909663546274,0.0,0.0,0.0,0.1367090336453726,0.0,0.888,0.0183256495649719
0.33551782575625405,0.0,0.0,0.0,0.39248217424374593,0.0,0.728,0.0526116716203749
0.0,0.7268620343538087,0.0,0.0,0.672,0.0,0.672,0.18751544611023802
0.0,1.5508780619273346,0.0,0.0,0.72,0.0,0.72,0.30440794187466996
0.0,1.4765206642211832,0.0,0.0,1.7519999999999998,0.0,1.7519999999999998,0.43277855696985496
0.0,2.7211529009857647,0.0,0.0,0.84,0.0,0.84,0.477367430451127
0.0,3.4589541339473184,0.0,0.0,0.6559999999999999,0.0,0.6559999999999999,0.551603690142853
0.0,1.9988986817175276,0.0,0.0,1.848,0.0,1.848,0.515671241857937
0.0,2.401048332043219,0.0,0.0,1.304,0.0,1.304,0.496656406265263
0.0,2.087577109988651,0.0,0.0,1.432,0.0,1.432,0.47179425539543896
0.0,1.4595082350365558,0.0,0.0,1.4240000000000002,0.0,1.4240000000000002,0.38653013647996903
0.0,0.43145107628451274,0.0,0.0,1.5759999999999998,0.0,1.5759999999999998,0.269095932886516
1.8093458404692648,0.0,0.0,0.0,0.950654159530735,0.0,2.76,0.127433824382335
2.3800321637463893,0.0,0.0,0.0,0.0759678362536109,0.0,2.456,0.0101833793149628
1.304,0.0,0.0,0.0,0.0,0.0,1.304,0.0
2.2880000000000003,0.0,0.0,0.0,0.0,0.0,2.2880000000000003,0.0
2.024,0.0,0.0,0.0,0.0,0.0,2.024,0.0
0.9840000000000001,0.0,0.0,0.0,0.0,0.0,0.9840000000000001,0.0
0.688,0.0,0.0,0.0,0.0,0.0,0.688,0.0
0.6,0.0,0.0,0.0,0.0,0.0,0.6,0.0
0.624,0.0,0.0,0.0,0.0,0.0,0.624,0.0
0.6559999999999999,0.0,0.0,0.0,0.0,0.0,0.6559999999999999,0.0
0.56,0.0,0.0,0.0,0.0,0.0,0.56,0.0
0.512,0.0,0.0,0.0,0.0,0.0,0.512,0.0
0.48721500014827435,0.0,0.0,0.0,0.40078499985172567,0.0,0.888,0.0537246534653465
0.0,0.46481351614668054,0.0,0.0,0.608,0.0,0.608,0.14380911064347102
0.0,0.8932286810090353,0.0,0.0,0.76,0.0,0.76,0.22161292967312102
0.0,1.7957579136209763,0.0,0.0,0.43200000000000005,0.0,0.43200000000000005,0.29862774794028996
0.0,1.9138488569432521,0.0,0.0,0.7759999999999999,0.0,0.7759999999999999,0.36057037505619705
0.0,1.4131305118765407,0.0,0.0,1.656,0.0,1.656,0.41141253602677397
0.0,1.5323672773720778,0.0,0.0,1.656,0.0,1.656,0.4273960531467921
0.0,2.427875435282619,0.0,0.0,0.736,0.0,0.736,0.42411295689949996
0.0,1.4468759147815522,0.0,0.0,1.432,0.0,1.432,0.38590918060454293
0.0,1.3461346573298945,0.0,0.0,1.128,0.0,1.128,0.331654196491456
0.0,0.8800415608127214,0.0,0.0,1.08,0.0,1.08,0.262740755445683
0.0,0.35629067796765823,0.0,0.0,0.8959999999999999,0.0,0.8959999999999999,0.167867766350005
0.6039025228010905,0.0,0.0,0.0,0.6040974771989095,0.0,1.208,0.0809783989765298
3.3444175271580416,0.0,0.0,0.0,0.07958247284195842,0.0,3.424,0.0106679161568705
1.192,0.0,0.0,0.0,0.0,0.0,1.192,0.0
2.336,0.0,0.0,0.0,0.0,0.0,2.336,0.0
2.056,0.0,0.0,0.0,0.0,0.0,2.056,0.0
1.136,0.0,0.0,0.0,0.0,0.0,1.136,0.0
0.888,0.0,0.0,0.0,0.0,0.0,0.888,0.0
0.536,0.0,0.0,0.0,0.0,0.0,0.536,0.0
0.608,0.0,0.0,0.0,0.0,0.0,0.608,0.0
0.456,0.0,0.0,0.0,0.0,0.0,0.456,0.0
0.536,0.0,0.0,0.0,0.0,0.0,0.536,0.0
0.5203076111198763,0.0,0.0,0.0,0.023692388880123698,0.0,0.544,0.0031759306930693103
0.3433126822721812,0.0,0.0,0.0,0.3846873177278188,0.0,0.728,0.0515667823024483
0.05290253658024113,0.0,0.0,0.0,0.6510974634197589,0.0,0.7040000000000001,0.0872786796096008
0.0,0.13459165334772194,0.0,0.0,0.528,0.0,0.528,0.0888194592569757
0.0,0.5400880526605677,0.0,0.0,0.9840000000000001,0.0,0.9840000000000001,0.20430181396548397
1.2224495659309011,0.0,0.0,0.0,1.8175504340690989,0.0,3.04,0.24364002460740303
0.6028236242999041,0.0,0.0,0.0,1.8451763757000958,0.0,2.448,0.24734324239581398
0.24667332230882,0.0,0.0,0.0,1.9533266776911802,0.0,2.2,0.261840635009792
0.0,0.5518212367477843,0.0,0.0,0.912,0.0,0.912,0.19622313387123896
0.0,1.5519501827711888,0.0,0.0,0.8640000000000001,0.0,0.8640000000000001,0.32385465126424895
0.0,2.5918932725774297,0.0,0.0,0.728,0.0,0.728,0.445026923854794
0.0,2.16685745836493,0.0,0.0,0.72,0.0,0.72,0.38697909505566797
0.0,0.333997164241868,0.0,0.0,1.64,0.0,1.64,0.26461148403684304
1.0427633779311454,0.0,0.0,0.0,0.9172366220688547,0.0,1.96,0.12295425149295801
1.396058411351542,0.0,0.0,0.0,0.139941588648458,0.0,1.536,0.0187589689192708
2.3680000000000003,0.0,0.0,0.0,0.0,0.0,2.3680000000000003,0.0
2.2640000000000002,0.0,0.0,0.0,0.0,0.0,2.2640000000000002,0.0
1.248,0.0,0.0,0.0,0.0,0.0,1.248,0.0
1.136,0.0,0.0,0.0,0.0,0.0,1.136,0.0
0.968,0.0,0.0,0.0,0.0,0.0,0.968,0.0
0.7040000000000001,0.0,0.0,0.0,0.0,0.0,0.7040000000000001,0.0
0.56,0.0,0.0,0.0,0.0,0.0,0.56,0.0
0.424,0.0,0.0,0.0,0.0,0.0,0.424,0.0
0.544,0.0,0.0,0.0,0.0,0.0,0.544,0.0
0.7683584629776287,0.0,0.0,0.0,0.039641537022371276,0.0,0.8079999999999999,0.00531389108910891
0.27991290555874404,0.0,0.0,0.0,0.592087094441256,0.0,0.872,0.0793684244218937
0.0,0.6476422562211367,0.0,0.0,0.816,0.0,0.816,0.19619914178876396
0.0,1.2826271588084217,0.0,0.0,0.6,0.0,0.6,0.252363466069966
0.0,1.0279538367531922,0.0,0.0,0.9840000000000001,0.0,0.9840000000000001,0.26969952145871
0.0,1.0510384198747365,0.0,0.0,0.992,0.0,0.992,0.27386636517026997
0.0,2.054573935093724,0.0,0.0,0.872,0.0,0.872,0.39230303170476505
0.0,2.7917536903612477,0.0,0.0,0.632,0.0,0.632,0.458949263653604
0.0,2.1095776467826997,0.0,0.0,0.9359999999999999,0.0,0.9359999999999999,0.408255308296817
0.0,2.7057369358623466,0.0,0.0,0.792,0.0,0.792,0.468866611429241
0.0,2.784818049529365,0.0,0.0,0.7440000000000001,0.0,0.7440000000000001,0.47303299006540606
0.0,1.013596236458005,0.0,0.0,0.976,0.0,0.976,0.266702517257904
0.427566511180262,0.0,0.0,0.0,1.132433488819738,0.0,1.56,0.151801082330681
1.9177364805867727,0.0,0.0,0.0,0.5382635194132273,0.0,2.456,0.0721534515119377
1.0781706221998115,0.0,0.0,0.0,0.12182937780018847,0.0,1.2,0.0163310530749289
0.88,0.0,0.0,0.0,0.0,0.0,0.88,0.0
1.008,0.0,0.0,0.0,0.0,0.0,1.008,0.0
0.736,0.0,0.0,0.0,0.0,0.0,0.736,0.0
0.664,0.0,0.0,0.0,0.0,0.0,0.664,0.0
0.424,0.0,0.0,0.0,0.0,0.0,0.424,0.0
0.456,0.0,0.0,0.0,0.0,0.0,0.456,0.0
0.584,0.0,0.0,0.0,0.0,0.0,0.584,0.0
0.512,0.0,0.0,0.0,0.0,0.0,0.512,0.0
0.344,0.0,0.0,0.0,0.0,0.0,0.344,0.0
0.512,0.0,0.0,0.0,0.0,0.0,0.512,0.0
0.6509846111846465,0.0,0.0,0.0,0.4930153888153536,0.0,1.1440000000000001,0.0660880046084237
0.0,0.7032665058136612,0.0,0.0,0.608,0.0,0.608,0.17577339134852202
0.0,1.914105095598098,0.0,0.0,0.536,0.0,0.536,0.328433068262
0.0,3.0601021111687587,0.0,0.0,0.46399999999999997,0.0,0.46399999999999997,0.472400825303049
0.0,3.8420832427940437,0.0,0.0,0.536,0.0,0.536,0.586875769174418
0.0,4.2932589688836575,0.0,0.0,0.584,0.0,0.584,0.6537895581445611
0.0,4.179736047668034,0.0,0.0,0.8959999999999999,0.0,0.8959999999999999,0.680395125424898
0.0,4.435485978967799,0.0,0.0,0.688,0.0,0.688,0.6867959351184321
0.0,4.181989515178348,0.0,0.0,0.672,0.0,0.672,0.65067032130409
0.0,3.598085590028763,0.0,0.0,0.688,0.0,0.688,0.5745436159843821
0.0,2.7191939499092372,0.0,0.0,0.696,0.0,0.696,0.457801842742872
0.0,1.3668097140389732,0.0,0.0,0.9520000000000001,0.0,0.9520000000000001,0.31083311098197697
0.873763812083403,0.0,0.0,0.0,1.078236187916597,0.0,1.952,0.144536012004058
1.6850351694425056,0.0,0.0,0.0,0.12296483055749441,0.0,1.808,0.0164832588858627
1.008,0.0,0.0,0.0,0.0,0.0,1.008,0.0
1.208,0.0,0.0,0.0,0.0,0.0,1.208,0.0
0.8240000000000001,0.0,0.0,0.0,0.0,0.0,0.8240000000000001,0.0
0.76,0.0,0.0,0.0,0.0,0.0,0.76,0.0
0.488,0.0,0.0,0.0,0.0,0.0,0.488,0.0
0.52,0.0,0.0,0.0,0.0,0.0,0.52,0.0
0.52,0.0,0.0,0.0,0.0,0.0,0.52,0.0
0.552,0.0,0.0,0.0,0.0,0.0,0.552,0.0
0.344,0.0,0.0,0.0,0.0,0.0,0.344,0.0
0.5165371120412778,0.0,0.0,0.0,0.011462887958722186,0.0,0.528,0.00153658366336634
0.48902249154653343,0.0,0.0,0.0,0.5029775084534666,0.0,0.992,0.0674234124344051
0.0,0.22059192662465787,0.0,0.0,1.072,0.0,1.072,0.17327009083599898
0.0,1.8371641206404203,0.0,0.0,0.536,0.0,0.536,0.318119241101761
0.0,2.8731709498586078,0.0,0.0,0.488,0.0,0.488,0.45056013719512894
0.0,3.4538483683309473,0.0,0.0,0.632,0.0,0.632,0.547702104075107
0.0,3.8152301098908463,0.0,0.0,0.728,0.0,0.728,0.609013469459972
0.0,4.254455730047927,0.0,0.0,0.648,0.0,0.648,0.65716714778115
0.0,4.504826122118381,0.0,0.0,0.504,0.0,0.504,0.6714259460272729
0.0,4.065372920034173,0.0,0.0,0.6,0.0,0.6,0.625386537690224
0.0,3.200978427120596,0.0,0.0,0.7040000000000001,0.0,0.7040000000000001,0.5234567482922841
0.0,2.63339119998797,0.0,0.0,0.608,0.0,0.608,0.434503833799676
0.0,1.413009130874446,0.0,0.0,0.6559999999999999,0.0,0.6559999999999999,0.277347701670449
0.0,0.43115293354594786,0.0,0.0,0.56,0.0,0.56,0.132862626858834
0.910234927186314,0.0,0.0,0.0,0.10576507281368594,0.0,1.016,0.0141776560693504
1.0,0.0,0.0,0.0,0.0,0.0,1.0,0.0
1.232,0.0,0.0,0.0,0.0,0.0,1.232,0.0
0.68,0.0,0.0,0.0,0.0,0.0,0.68,0.0
0.92,0.0,0.0,0.0,0.0,0.0,0.92,0.0
0.848,0.0,0.0,0.0,0.0,0.0,0.848,0.0
0.736,0.0,0.0,0.0,0.0,0.0,0.736,0.0
0.44,0.0,0.0,0.0,0.0,0.0,0.44,0.0
0.544,0.0,0.0,0.0,0.0,0.0,0.544,0.0
0.56,0.0,0.0,0.0,0.0,0.0,0.56,0.0
0.40019580000880656,0.0,0.0,0.0,0.02380419999119343,0.0,0.424,0.00319091881188119
0.0,0.15216458870813565,0.0,0.0,0.36,0.0,0.36,0.0686549273444517
0.0,0.5653267393149138,0.0,0.0,0.7759999999999999,0.0,0.7759999999999999,0.179802922465055
0.0,1.6484670296956154,0.0,0.0,0.92,0.0,0.92,0.34429931548988996
0.0,2.7199133013198558,0.0,0.0,0.96,0.0,0.96,0.493287091505596
0.0,3.1611950169001166,0.0,0.0,1.3519999999999999,0.0,1.3519999999999999,0.6049873083927579
0.0,2.7693721183297004,0.0,0.0,2.2880000000000003,0.0,2.2880000000000003,0.6779334670785799
0.0,4.118510516277747,0.0,0.0,1.128,0.0,1.128,0.703287197608687
0.0,4.492049491957095,0.0,0.0,0.736,0.0,0.736,0.700812523819475
0.0,4.2846491733532295,0.0,0.0,0.568,0.0,0.568,0.6504906504079581
0.0,3.329821169489972,0.0,0.0,0.8,0.0,0.8,0.5535965948994721
0.0,2.197444040344297,0.0,0.0,1.048,0.0,1.048,0.435047111227161
0.0,1.4579058063947994,0.0,0.0,0.696,0.0,0.696,0.288727979062014
0.0,0.047962693704237336,0.0,0.0,0.9840000000000001,0.0,0.9840000000000001,0.138333116581052
0.8787887384937296,0.0,0.0,0.0,0.12121126150627043,0.0,1.0,0.0162481954737105
1.016,0.0,0.0,0.0,0.0,0.0,1.016,0.0
1.224,0.0,0.0,0.0,0.0,0.0,1.224,0.0
0.872,0.0,0.0,0.0,0.0,0.0,0.872,0.0
0.68,0.0,0.0,0.0,0.0,0.0,0.68,0.0
0.68,0.0,0.0,0.0,0.0,0.0,0.68,0.0
0.64,0.0,0.0,0.0,0.0,0.0,0.64,0.0
0.376,0.0,0.0,0.0,0.0,0.0,0.376,0.0
0.408,0.0,0.0,0.0,0.0,0.0,0.408,0.0
0.512,0.0,0.0,0.0,0.0,0.0,0.512,0.0
0.5760000000000001,0.0,0.0,0.0,0.0,0.0,0.5760000000000001,0.0
0.15045725755571043,0.0,0.0,0.0,0.3615427424442896,0.0,0.512,0.0484642852350175
0.0,0.9325781970788654,0.0,0.0,0.5760000000000001,0.0,0.5760000000000001,0.202222740106101
0.0,2.0154848999198656,0.0,0.0,0.568,0.0,0.568,0.346312439418889
0.0,2.841415262497906,0.0,0.0,0.88,0.0,0.88,0.49885036978010205
0.0,3.0124086653129822,0.0,0.0,0.64,0.0,0.64,0.48960013456183205
0.0,2.2141841797650903,0.0,0.0,1.456,0.0,1.456,0.491982916737964
0.0,2.9428572579612102,0.0,0.0,0.672,0.0,0.672,0.48456642235240205
0.0,3.3994041884020527,0.0,0.0,0.696,0.0,0.696,0.5489830480278179
0.0,3.6729738470717934,0.0,0.0,0.536,0.0,0.536,0.564206897619162
0.0,3.4490057675771824,0.0,0.0,0.7040000000000001,0.0,0.7040000000000001,0.5567044569662399
0.0,2.3823335361536246,0.0,0.0,0.736,0.0,0.736,0.41800813074641496
0.0,1.3904061717142024,0.0,0.0,0.816,0.0,0.816,0.295765577611442
0.0,0.6062917345586317,0.0,0.0,0.616,0.0,0.616,0.16384645108228602
1.2840004818390833,0.0,0.0,0.0,0.1319995181609165,0.0,1.416,0.0176943457799358
0.9440000000000001,0.0,0.0,0.0,0.0,0.0,0.9440000000000001,0.0
1.072,0.0,0.0,0.0,0.0,0.0,1.072,0.0
0.84,0.0,0.0,0.0,0.0,0.0,0.84,0.0
0.8320000000000001,0.0,0.0,0.0,0.0,0.0,0.8320000000000001,0.0
0.8320000000000001,0.0,0.0,0.0,0.0,0.0,0.8320000000000001,0.0
0.56,0.0,0.0,0.0,0.0,0.0,0.56,0.0
0.4,0.0,0.0,0.0,0.0,0.0,0.4,0.0
0.424,0.0,0.0,0.0,0.0,0.0,0.424,0.0
0.35200000000000004,0.0,0.0,0.0,0.0,0.0,0.35200000000000004,0.0
0.6232245213054622,0.0,0.0,0.0,0.02477547869453776,0.0,0.648,0.0033211173267326697
0.5604659235000409,0.0,0.0,0.0,0.46353407649995915,0.0,1.024,0.0621360770451811
0.0,0.7489457817586833,0.0,0.0,0.44,0.0,0.44,0.159376474014003
0.0,1.4855516044849104,0.0,0.0,0.44799999999999995,0.0,0.44799999999999995,0.25918981485521597
0.0,1.6972718052656162,0.0,0.0,0.68,0.0,0.68,0.318669870324699
0.0,2.0737935364421616,0.0,0.0,0.7759999999999999,0.0,0.7759999999999999,0.38201072956767795
0.0,2.256017766129594,0.0,0.0,0.7440000000000001,0.0,0.7440000000000001,0.402148071746257
0.0,2.420224932738604,0.0,0.0,0.624,0.0,0.624,0.408073978922505
0.0,2.135417010955159,0.0,0.0,0.608,0.0,0.608,0.36775110914587794
0.0,1.797999569964832,0.0,0.0,0.728,0.0,0.728,0.3386066135214181
0.0,1.0869681857811875,0.0,0.0,0.96,0.0,0.96,0.274393144644557
0.0,0.9290067763125082,0.0,0.0,0.84,0.0,0.84,0.23713281702259303
0.0,0.460534957454082,0.0,0.0,0.792,0.0,0.792,0.16790051166423
0.7817508685729699,0.0,0.0,0.0,0.61024913142703,0.0,1.392,0.0818030193883882
1.705807299176547,0.0,0.0,0.0,0.07819270082345307,0.0,1.784,0.0104816192143261
0.968,0.0,0.0,0.0,0.0,0.0,0.968,0.0
1.016,0.0,0.0,0.0,0.0,0.0,1.016,0.0
0.872,0.0,0.0,0.0,0.0,0.0,0.872,0.0
0.856,0.0,0.0,0.0,0.0,0.0,0.856,0.0
0.608,0.0,0.0,0.0,0.0,0.0,0.608,0.0
0.496,0.0,0.0,0.0,0.0,0.0,0.496,0.0
0.544,0.0,0.0,0.0,0.0,0.0,0.544,0.0
0.56,0.0,0.0,0.0,0.0,0.0,0.56,0.0
0.44,0.0,0.0,0.0,0.0,0.0,0.44,0.0
0.3288500463107802,0.0,0.0,0.0,0.039149953689219814,0.0,0.368,0.00524799504950495
0.0,0.1110804489985161,0.0,0.0,0.504,0.0,0.504,0.0824506505682107
0.0,0.9831022944144687,0.0,0.0,0.528,0.0,0.528,0.202561091727839
0.0,2.1081812018047112,0.0,0.0,0.792,0.0,0.792,0.388765123722979
0.0,3.4039001214812914,0.0,0.0,0.632,0.0,0.632,0.541006613340194
0.0,2.733518327237306,0.0,0.0,0.816,0.0,0.816,0.47580783255428905
0.0,2.1276778758790416,0.0,0.0,1.4240000000000002,0.0,1.4240000000000002,0.47609731694732205
0.0,0.10217634186593183,0.0,0.0,1.7919999999999998,0.0,1.7919999999999998,0.25391161746735397
0.0,1.3033274558813503,0.0,0.0,0.92,0.0,0.92,0.298033851445056
0.0,1.0565171633330646,0.0,0.0,0.888,0.0,0.888,0.26065973226577
0.0,2.133197050154684,0.0,0.0,0.88,0.0,0.88,0.40391473583655796
0.0,0.30289762372631923,0.0,0.0,2.392,0.0,2.392,0.3612471549904461
1.359880641583636,0.0,0.0,0.0,1.7601193584163641,0.0,3.12,0.235941471421214
0.5468036034570221,0.0,0.0,0.0,1.077196396542978,0.0,1.624,0.144396629464181
3.8646651618856827,0.0,0.0,0.0,0.11133483811431769,0.0,3.9760000000000004,0.0149242751064163
3.2453047666236423,0.0,0.0,0.0,0.026695233376357375,0.0,3.272,0.00357845768392516
1.4480000000000002,0.0,0.0,0.0,0.0,0.0,1.4480000000000002,0.0
1.48,0.0,0.0,0.0,0.0,0.0,1.48,0.0
1.128,0.0,0.0,0.0,0.0,0.0,1.128,0.0
0.96,0.0,0.0,0.0,0.0,0.0,0.96,0.0
0.688,0.0,0.0,0.0,0.0,0.0,0.688,0.0
0.8320000000000001,0.0,0.0,0.0,0.0,0.0,0.8320000000000001,0.0
0.584,0.0,0.0,0.0,0.0,0.0,0.584,0.0
0.46399999999999997,0.0,0.0,0.0,0.0,0.0,0.46399999999999997,0.0
0.488,0.0,0.0,0.0,0.0,0.0,0.488,0.0
0.37804739622430983,0.0,0.0,0.0,0.11795260377569018,0.0,0.496,0.0158113770862899
0.18259816813998841,0.0,0.0,0.0,0.5054018318600115,0.0,0.688,0.0677483895042873
0.0,1.4805506732177425,0.0,0.0,0.64,0.0,0.64,0.284256771377368
0.0,2.946907022659149,0.0,0.0,0.44799999999999995,0.0,0.44799999999999995,0.4550824092890479
0.0,3.8893827541286137,0.0,0.0,0.64,0.0,0.64,0.607157251313054
0.0,2.539354972983051,0.0,0.0,1.168,0.0,1.168,0.49696560816954405
0.0,0.9240310617334915,0.0,0.0,1.3119999999999998,0.0,1.3119999999999998,0.299736751559629
0.0,0.5755125088465742,0.0,0.0,1.744,0.0,1.744,0.31092731961630604
0.0,0.2830119653929548,0.0,0.0,1.1520000000000001,0.0,1.1520000000000001,0.19236129243331102
0.0,1.276641732952395,0.0,0.0,0.6559999999999999,0.0,0.6559999999999999,0.259067847883397
0.0,1.1442386401180582,0.0,0.0,0.76,0.0,0.76,0.25526045409262804
0.38068227899696194,0.0,0.0,0.0,1.163317721003038,0.0,1.544,0.155941069286792
2.16386863545884,0.0,0.0,0.0,0.8121313645411604,0.0,2.9760000000000004,0.10886504271480901
0.7929443090920254,0.0,0.0,0.0,0.18305569090797452,0.0,0.976,0.0245383523897574
2.1919999999999997,0.0,0.0,0.0,0.0,0.0,2.1919999999999997,0.0
1.88,0.0,0.0,0.0,0.0,0.0,1.88,0.0
1.08,0.0,0.0,0.0,0.0,0.0,1.08,0.0
0.792,0.0,0.0,0.0,0.0,0.0,0.792,0.0
0.696,0.0,0.0,0.0,0.0,0.0,0.696,0.0
0.43200000000000005,0.0,0.0,0.0,0.0,0.0,0.43200000000000005,0.0
0.424,0.0,0.0,0.0,0.0,0.0,0.424,0.0
0.504,0.0,0.0,0.0,0.0,0.0,0.504,0.0
0.512,0.0,0.0,0.0,0.0,0.0,0.512,0.0
0.528,0.0,0.0,0.0,0.0,0.0,0.528,0.0
0.28491770322858967,0.0,0.0,0.0,0.2670822967714104,0.0,0.552,0.0358019981937482
0.0,0.46443983174261494,0.0,0.0,0.48,0.0,0.48,0.126600802669795
0.0,1.1914135530778855,0.0,0.0,0.68,0.0,0.68,0.250860298331171
0.0,2.875068287259093,0.0,0.0,0.68,0.0,0.68,0.476551796722178
0.0,4.125709065827905,0.0,0.0,0.6559999999999999,0.0,0.6559999999999999,0.640981230906224
0.0,3.5539372293945335,0.0,0.0,0.7120000000000001,0.0,0.7120000000000001,0.57184275718635
0.0,3.0712510558505794,0.0,0.0,0.8640000000000001,0.0,0.8640000000000001,0.527514750684103
0.0,2.7356664861975952,0.0,0.0,1.5759999999999998,0.0,1.5759999999999998,0.577972698366487
0.0,2.894445590261559,0.0,0.0,1.344,0.0,1.344,0.5681575424548609
0.0,2.4930910529856214,0.0,0.0,1.016,0.0,1.016,0.47038861451837505
0.0,1.1999132763242004,0.0,0.0,1.3359999999999999,0.0,1.3359999999999999,0.33993553161693396
0.0,0.5918654091306126,0.0,0.0,1.112,0.0,1.112,0.228400710333468
1.1449292180894437,0.0,0.0,0.0,1.0230707819105564,0.0,2.168,0.137141168579164
0.9188559250474163,0.0,0.0,0.0,0.12114407495258368,0.0,1.04,0.0162391892127085
1.3840000000000001,0.0,0.0,0.0,0.0,0.0,1.3840000000000001,0.0
2.104,0.0,0.0,0.0,0.0,0.0,2.104,0.0
0.88,0.0,0.0,0.0,0.0,0.0,0.88,0.0
0.912,0.0,0.0,0.0,0.0,0.0,0.912,0.0
0.56,0.0,0.0,0.0,0.0,0.0,0.56,0.0
0.648,0.0,0.0,0.0,0.0,0.0,0.648,0.0
0.47200000000000003,0.0,0.0,0.0,0.0,0.0,0.47200000000000003,0.0
0.536,0.0,0.0,0.0,0.0,0.0,0.536,0.0
0.496,0.0,0.0,0.0,0.0,0.0,0.496,0.0
0.456,0.0,0.0,0.0,0.0,0.0,0.456,0.0
0.26345053318580014,0.0,0.0,0.0,0.19254946681419985,0.0,0.456,0.0258109794112984
0.03456010741284887,0.0,0.0,0.0,0.6614398925871511,0.0,0.696,0.0886650673816322
0.0,0.9623968421580866,0.0,0.0,0.544,0.0,0.544,0.201930332612689
0.0,1.6125688342596196,0.0,0.0,0.7040000000000001,0.0,0.7040000000000001,0.310532724266786
0.0,2.5180832762532965,0.0,0.0,0.512,0.0,0.512,0.406178310186449
0.0,2.681827406372996,0.0,0.0,0.7120000000000001,0.0,0.7120000000000001,0.45493768827685793
0.0,1.4303834161094002,0.0,0.0,0.912,0.0,0.912,0.313993131878711
0.0,0.9952753608035607,0.0,0.0,1.432,0.0,1.432,0.32537277510982104
0.0,0.8898593479829688,0.0,0.0,1.4240000000000002,0.0,1.4240000000000002,0.310169521523829
0.0,0.40846978043260096,0.0,0.0,1.504,0.0,1.504,0.25636382662699697
0.0,0.743846828288803,0.0,0.0,0.88,0.0,0.88,0.217674334525727
0.09474977526479567,0.0,0.0,0.0,1.1212502247352043,0.0,1.216,0.150301981845944
1.0191524647508603,0.0,0.0,0.0,0.5968475352491396,0.0,1.6159999999999999,0.0800065546733763
1.334800257260375,0.0,0.0,0.0,0.12919974273962492,0.0,1.464,0.0173190399068484
1.04,0.0,0.0,0.0,0.0,0.0,1.04,0.0
1.008,0.0,0.0,0.0,0.0,0.0,1.008,0.0
0.7440000000000001,0.0,0.0,0.0,0.0,0.0,0.7440000000000001,0.0
0.792,0.0,0.0,0.0,0.0,0.0,0.792,0.0
0.608,0.0,0.0,0.0,0.0,0.0,0.608,0.0
0.47200000000000003,0.0,0.0,0.0,0.0,0.0,0.47200000000000003,0.0
0.488,0.0,0.0,0.0,0.0,0.0,0.488,0.0
0.536,0.0,0.0,0.0,0.0,0.0,0.536,0.0
0.616,0.0,0.0,0.0,0.0,0.0,0.616,0.0
0.568,0.0,0.0,0.0,0.0,0.0,0.568,0.0
0.38601733088785056,0.0,0.0,0.0,0.3099826691121494,0.0,0.696,0.0415527314756655
0.0,0.1328523960182001,0.0,0.0,0.624,0.0,0.624,0.101454976397665
0.0,0.8220389427352416,0.0,0.0,0.648,0.0,0.648,0.19705660842654701
0.0,1.2843872954711155,0.0,0.0,0.736,0.0,0.736,0.270830014484403
0.0,1.8529968318012824,0.0,0.0,0.76,0.0,0.76,0.350268471490969
0.0,1.8759146127665751,0.0,0.0,0.9840000000000001,0.0,0.9840000000000001,0.383367445309102
0.0,2.1749673365399333,0.0,0.0,0.8959999999999999,0.0,0.8959999999999999,0.41165875973413296
0.0,1.0054987626443792,0.0,0.0,1.784,0.0,1.784,0.373928301759113
0.0,1.461348248279914,0.0,0.0,1.376,0.0,1.376,0.380342456568338
0.0,1.222479555541471,0.0,0.0,1.624,0.0,1.624,0.381566495188781
0.0,0.4762398006359485,0.0,0.0,1.52,0.0,1.52,0.267593077491862
0.0,0.23223086190251885,0.0,0.0,1.0,0.0,1.0,0.165178776824257
1.2672189222967263,0.0,0.0,0.0,0.5807810777032737,0.0,1.848,0.0778528691203075
2.2594140624566537,0.0,0.0,0.0,0.18858593754334613,0.0,2.448,0.0252796740065174
1.32,0.0,0.0,0.0,0.0,0.0,1.32,0.0
1.12,0.0,0.0,0.0,0.0,0.0,1.12,0.0
1.12,0.0,0.0,0.0,0.0,0.0,1.12,0.0
1.008,0.0,0.0,0.0,0.0,0.0,1.008,0.0
0.9359999999999999,0.0,0.0,0.0,0.0,0.0,0.9359999999999999,0.0
0.672,0.0,0.0,0.0,0.0,0.0,0.672,0.0
0.47200000000000003,0.0,0.0,0.0,0.0,0.0,0.47200000000000003,0.0
0.552,0.0,0.0,0.0,0.0,0.0,0.552,0.0
0.552,0.0,0.0,0.0,0.0,0.0,0.552,0.0
0.7440000000000001,0.0,0.0,0.0,0.0,0.0,0.7440000000000001,0.0
0.9220726302739113,0.0,0.0,0.0,0.16592736972608874,0.0,1.088,0.0222423255417456
0.26105518222903135,0.0,0.0,0.0,0.5629448177709687,0.0,0.8240000000000001,0.0754619440998216
0.0,0.5666386950485062,0.0,0.0,0.624,0.0,0.624,0.159603406608477
0.0,0.9995118097768623,0.0,0.0,0.696,0.0,0.696,0.227280922340817
0.0,0.7006916018185003,0.0,0.0,1.432,0.0,1.432,0.285884245414731
0.0,0.7429815793470538,0.0,0.0,1.8719999999999999,0.0,1.8719999999999999,0.350534524048206
0.0,1.3450461146018888,0.0,0.0,1.528,0.0,1.528,0.385127704265507
0.0,1.3838997915522004,0.0,0.0,1.4080000000000001,0.0,1.4080000000000001,0.37425015623490604
0.0,1.9844970315349424,0.0,0.0,0.968,0.0,0.968,0.39577798554178106
0.0,1.4670289237849803,0.0,0.0,1.128,0.0,1.128,0.347859899233948
0.34254888649648807,0.0,0.0,0.0,2.209451113503512,0.0,2.552,0.296173747683958
0.06031430447714747,0.0,0.0,0.0,1.6196856955228525,0.0,1.68,0.21711654065630398
1.0133639703131911,0.0,0.0,0.0,0.8426360296868086,0.0,1.8559999999999999,0.112954149254806
1.8514850785964339,0.0,0.0,0.0,0.11651492140356634,0.0,1.9680000000000002,0.0156186578296706
1.1477705392588653,0.0,0.0,0.0,0.004229460741134763,0.0,1.1520000000000001,0.000566953136336982
1.472,0.0,0.0,0.0,0.0,0.0,1.472,0.0
0.968,0.0,0.0,0.0,0.0,0.0,0.968,0.0
0.8,0.0,0.0,0.0,0.0,0.0,0.8,0.0
0.728,0.0,0.0,0.0,0.0,0.0,0.728,0.0
0.6,0.0,0.0,0.0,0.0,0.0,0.6,0.0
0.544,0.0,0.0,0.0,0.0,0.0,0.544,0.0
0.52,0.0,0.0,0.0,0.0,0.0,0.52,0.0
0.5920000000000001,0.0,0.0,0.0,0.0,0.0,0.5920000000000001,0.0
0.6755218426208862,0.0,0.0,0.0,0.07647815737911381,0.0,0.752,0.0102517871287129
0.5418459617661551,0.0,0.0,0.0,0.738154038233845,0.0,1.28,0.0989484883985952
0.0,0.4036557541365283,0.0,0.0,0.84,0.0,0.84,0.16671026721531
0.0,1.9529208129844164,0.0,0.0,0.616,0.0,0.616,0.344360144487852
0.0,3.0198099965608654,0.0,0.0,0.792,0.0,0.792,0.5109676540208329
0.0,2.6233326105199755,0.0,0.0,0.912,0.0,0.912,0.473906257607427
0.0,1.9429705075886816,0.0,0.0,2.024,0.0,2.024,0.531766697621665
0.0,3.4911590302997806,0.0,0.0,0.632,0.0,0.632,0.552703544711807
0.0,2.3379986853102928,0.0,0.0,1.128,0.0,1.128,0.464612144537675
0.0,1.6507426116407804,0.0,0.0,0.912,0.0,0.912,0.34353196547329606
0.0,1.6277236025146748,0.0,0.0,0.8320000000000001,0.0,0.8320000000000001,0.329722415296291
0.0,1.187493748127331,0.0,0.0,0.7040000000000001,0.0,0.7040000000000001,0.25355201963048896
0.0,0.1953717131225159,0.0,0.0,1.192,0.0,1.192,0.185975185056094
1.688460697807493,0.0,0.0,0.0,0.799539302192507,0.0,2.488,0.107177094846636
1.3795340277281072,0.0,0.0,0.0,0.10846597227189302,0.0,1.4880000000000002,0.0145397077616308
1.505218189270859,0.0,0.0,0.0,0.006781810729140806,0.0,1.5119999999999998,0.000909091985542008
1.392,0.0,0.0,0.0,0.0,0.0,1.392,0.0
1.8,0.0,0.0,0.0,0.0,0.0,1.8,0.0
1.3119999999999998,0.0,0.0,0.0,0.0,0.0,1.3119999999999998,0.0
1.0959999999999999,0.0,0.0,0.0,0.0,0.0,1.0959999999999999,0.0
1.136,0.0,0.0,0.0,0.0,0.0,1.136,0.0
0.752,0.0,0.0,0.0,0.0,0.0,0.752,0.0
0.68,0.0,0.0,0.0,0.0,0.0,0.68,0.0
0.52,0.0,0.0,0.0,0.0,0.0,0.52,0.0
0.5234046667453182,0.0,0.0,0.0,0.21259533325468183,0.0,0.736,0.028498099009901003
0.1806243850985857,0.0,0.0,0.0,0.6433756149014144,0.0,0.8240000000000001,0.0862435769088674
0.0,0.5898096985955229,0.0,0.0,0.904,0.0,0.904,0.20024304410072502
0.0,1.3881705058327027,0.0,0.0,1.176,0.0,1.176,0.343723372638421
0.0,2.3986102756100998,0.0,0.0,1.1840000000000002,0.0,1.1840000000000002,0.4802437606940129
0.0,2.2156097209268992,0.0,0.0,2.24,0.0,2.24,0.59726808219416
0.0,2.724962071491995,0.0,0.0,2.024,0.0,2.024,0.6365915433595861
0.0,4.2128604345064735,0.0,0.0,0.672,0.0,0.672,0.65480852369109
0.0,4.036411850347924,0.0,0.0,0.872,0.0,0.872,0.657965557150846
0.0,3.4116112165499555,0.0,0.0,0.9840000000000001,0.0,0.9840000000000001,0.58922536887584
0.0,2.82821259627327,0.0,0.0,0.816,0.0,0.816,0.488501463281471
0.0,2.0960418198966178,0.0,0.0,0.7440000000000001,0.0,0.7440000000000001,0.380703525973992
0.0,0.9556228083409057,0.0,0.0,1.056,0.0,1.056,0.269655147575596
0.10289138309053869,0.0,0.0,0.0,1.1051086169094613,0.0,1.208,0.14813822250581798
0.9733057540750762,0.0,0.0,0.0,0.2106942459249239,0.0,1.1840000000000002,0.028243260984435
1.4480000000000002,0.0,0.0,0.0,0.0,0.0,1.4480000000000002,0.0
1.208,0.0,0.0,0.0,0.0,0.0,1.208,0.0
1.208,0.0,0.0,0.0,0.0,0.0,1.208,0.0
1.5119999999999998,0.0,0.0,0.0,0.0,0.0,1.5119999999999998,0.0
0.84,0.0,0.0,0.0,0.0,0.0,0.84,0.0
0.856,0.0,0.0,0.0,0.0,0.0,0.856,0.0
0.888,0.0,0.0,0.0,0.0,0.0,0.888,0.0
0.976,0.0,0.0,0.0,0.0,0.0,0.976,0.0
0.728,0.0,0.0,0.0,0.0,0.0,0.728,0.0
0.3811621574854089,0.0,0.0,0.0,0.2108378425145912,0.0,0.5920000000000001,0.0282625099009901
0.0,0.11082905017420952,0.0,0.0,0.504,0.0,0.504,0.0824169509169701
0.0,0.5245431345135999,0.0,0.0,0.7759999999999999,0.0,0.7759999999999999,0.17433593883086498
0.0,1.0348240475215087,0.0,0.0,0.9279999999999999,0.0,0.9279999999999999,0.263113743791696
0.0,1.3887159513391392,0.0,0.0,1.136,0.0,1.136,0.338434546288681
0.0,1.8376661371682594,0.0,0.0,1.1440000000000001,0.0,1.1440000000000001,0.399688062247805
0.054462874819297014,0.0,0.0,0.0,3.377537125180703,0.0,3.432,0.45275399948552897
0.0,1.9236390068670512,0.0,0.0,1.4880000000000002,0.0,1.4880000000000002,0.457325307735072
0.0,1.275911796445874,0.0,0.0,2.256,0.0,2.256,0.47344770239510997
0.0,2.008614031550259,0.0,0.0,1.28,0.0,1.28,0.44083398653062894
0.0,1.575700410949236,0.0,0.0,1.28,0.0,1.28,0.38280253760957894
0.0,1.1081464093968894,0.0,0.0,1.104,0.0,1.104,0.296535048226423
0.31853777463786637,0.0,0.0,0.0,1.5294622253621337,0.0,1.848,0.20502221409563198
3.078691649537603,0.0,0.0,0.0,0.8093083504623969,0.0,3.888,0.10848662173307198
1.3137756275552555,0.0,0.0,0.0,0.12622437244474438,0.0,1.44,0.0169201957932147
2.448,0.0,0.0,0.0,0.0,0.0,2.448,0.0
2.2159999999999997,0.0,0.0,0.0,0.0,0.0,2.2159999999999997,0.0
1.1840000000000002,0.0,0.0,0.0,0.0,0.0,1.1840000000000002,0.0
0.9840000000000001,0.0,0.0,0.0,0.0,0.0,0.9840000000000001,0.0
0.8079999999999999,0.0,0.0,0.0,0.0,0.0,0.8079999999999999,0.0
0.608,0.0,0.0,0.0,0.0,0.0,0.608,0.0
0.46399999999999997,0.0,0.0,0.0,0.0,0.0,0.46399999999999997,0.0
0.7120000000000001,0.0,0.0,0.0,0.0,0.0,0.7120000000000001,0.0
0.56,0.0,0.0,0.0,0.0,0.0,0.56,0.0
0.39913170378097607,0.0,0.0,0.0,0.20886829621902395,0.0,0.608,0.027998495049505003
0.0,0.03684630882017004,0.0,0.0,0.616,0.0,0.616,0.0875131098231475
0.0,0.18440034782636516,0.0,0.0,0.9359999999999999,0.0,0.9359999999999999,0.150188057067241
0.0,0.9819184224578963,0.0,0.0,0.736,0.0,0.736,0.230284496581535
0.0,1.4744225762343857,0.0,0.0,0.648,0.0,0.648,0.28450769728758696
0.0,2.2973398101191425,0.0,0.0,0.752,0.0,0.752,0.408759620887371
0.0,2.6775545708024877,0.0,0.0,1.296,0.0,1.296,0.532649281836859
0.0,2.592551593166198,0.0,0.0,0.888,0.0,0.888,0.466562940929159
0.0,2.603354128952413,0.0,0.0,1.544,0.0,1.544,0.555946862927692
0.0,3.7402269159434804,0.0,0.0,0.616,0.0,0.616,0.583945959958738
0.0,3.922729754783572,0.0,0.0,0.76,0.0,0.76,0.6277131964536801
0.0,0.14671963446823444,0.0,0.0,3.128,0.0,3.128,0.438971462562372
0.5345148930414041,0.0,0.0,0.0,2.409485106958596,0.0,2.944,0.32298801713925107
0.36206651578882787,0.0,0.0,0.0,1.2059334842111722,0.0,1.568,0.16165365112335098
3.068016153768834,0.0,0.0,0.0,0.2199838462311659,0.0,3.2880000000000003,0.0294885185601154
2.324367514199712,0.0,0.0,0.0,0.027632485800287588,0.0,2.352,0.0037040950249030797
1.296,0.0,0.0,0.0,0.0,0.0,1.296,0.0
0.8079999999999999,0.0,0.0,0.0,0.0,0.0,0.8079999999999999,0.0
0.76,0.0,0.0,0.0,0.0,0.0,0.76,0.0
0.7040000000000001,0.0,0.0,0.0,0.0,0.0,0.7040000000000001,0.0
0.536,0.0,0.0,0.0,0.0,0.0,0.536,0.0
0.46399999999999997,0.0,0.0,0.0,0.0,0.0,0.46399999999999997,0.0
0.488,0.0,0.0,0.0,0.0,0.0,0.488,0.0
0.552,0.0,0.0,0.0,0.0,0.0,0.552,0.0
0.5216319445148733,0.0,0.0,0.0,0.1903680554851268,0.0,0.7120000000000001,0.0255185643564356
0.3897971298228231,0.0,0.0,0.0,0.5222028701771769,0.0,0.912,0.0700005445544555
0.0,0.21515658381308156,0.0,0.0,0.8320000000000001,0.0,0.8320000000000001,0.140369835722712
0.0,0.8978733801355698,0.0,0.0,0.6559999999999999,0.0,0.6559999999999999,0.20829449432412603
0.0,1.3683488553957233,0.0,0.0,0.624,0.0,0.624,0.26707150187211304
0.0,0.9858851000866644,0.0,0.0,1.3359999999999999,0.0,1.3359999999999999,0.311245362063593
0.0,1.7548761002310729,0.0,0.0,1.16,0.0,1.16,0.39073495374645
0.0,3.3545985352804464,0.0,0.0,0.648,0.0,0.648,0.536542583550784
0.0,4.658785316736065,0.0,0.0,0.536,0.0,0.536,0.6963535089181649
0.0,3.8275949423828193,0.0,0.0,0.688,0.0,0.688,0.605309014955999
0.0,3.4795494434223153,0.0,0.0,0.752,0.0,0.752,0.5672331238780141
0.0,3.0189329601986676,0.0,0.0,0.68,0.0,0.68,0.495836649454799
0.0,0.628044083953196,0.0,0.0,1.392,0.0,1.392,0.270784007473481
1.407735860259339,0.0,0.0,0.0,0.760264139740661,0.0,2.168,0.101912315742375
1.931523392327546,0.0,0.0,0.0,0.17247660767245407,0.0,2.104,0.0231202414798689
1.7519999999999998,0.0,0.0,0.0,0.0,0.0,1.7519999999999998,0.0
1.464,0.0,0.0,0.0,0.0,0.0,1.464,0.0
1.344,0.0,0.0,0.0,0.0,0.0,1.344,0.0
0.976,0.0,0.0,0.0,0.0,0.0,0.976,0.0
0.72,0.0,0.0,0.0,0.0,0.0,0.72,0.0
0.672,0.0,0.0,0.0,0.0,0.0,0.672,0.0
0.7440000000000001,0.0,0.0,0.0,0.0,0.0,0.7440000000000001,0.0
0.512,0.0,0.0,0.0,0.0,0.0,0.512,0.0
0.624,0.0,0.0,0.0,0.0,0.0,0.624,0.0
0.4025002778390059,0.0,0.0,0.0,0.16549972216099407,0.0,0.568,0.022185
0.0032982539938798405,0.0,0.0,0.0,0.5487017460061202,0.0,0.552,0.0735526807912356
0.0,0.6467828416180218,0.0,0.0,0.664,0.0,0.664,0.17570855685792497
0.0,1.6069097969654658,0.0,0.0,0.688,0.0,0.688,0.307629361432718
0.0,2.4155211564373342,0.0,0.0,0.8079999999999999,0.0,0.8079999999999999,0.4321083801336861
0.0,3.2194502389961848,0.0,0.0,0.696,0.0,0.696,0.524860479630479
0.0,3.519533363411571,0.0,0.0,1.08,0.0,1.08,0.6165608397095861
0.0,2.0657354891812765,0.0,0.0,2.44,0.0,2.44,0.60398736941835
0.0,1.8231768746153283,0.0,0.0,2.6,0.0,2.6,0.592920505738882
0.0,3.1814546586105026,0.0,0.0,0.8640000000000001,0.0,0.8640000000000001,0.5422873853163871
0.0,2.590541639785103,0.0,0.0,1.1440000000000001,0.0,1.1440000000000001,0.500609941798194
0.0,1.6736230227768656,0.0,0.0,1.136,0.0,1.136,0.376625929919509
0.0,0.7658654842129167,0.0,0.0,1.1520000000000001,0.0,1.1520000000000001,0.25708711296732
0.7296462570910646,0.0,0.0,0.0,0.7903537429089355,0.0,1.52,0.10594578382058001
2.604947826922713,0.0,0.0,0.0,0.12305217307728718,0.0,2.728,0.0164949670251653
1.6908415134604495,0.0,0.0,0.0,0.013158486539550505,0.0,1.704,0.00176387621724195
1.128,0.0,0.0,0.0,0.0,0.0,1.128,0.0
0.8640000000000001,0.0,0.0,0.0,0.0,0.0,0.8640000000000001,0.0
0.696,0.0,0.0,0.0,0.0,0.0,0.696,0.0
0.72,0.0,0.0,0.0,0.0,0.0,0.72,0.0
0.608,0.0,0.0,0.0,0.0,0.0,0.608,0.0
0.44,0.0,0.0,0.0,0.0,0.0,0.44,0.0
0.512,0.0,0.0,0.0,0.0,0.0,0.512,0.0
0.496,0.0,0.0,0.0,0.0,0.0,0.496,0.0
0.4394633519556393,0.0,0.0,0.0,0.2805366480443607,0.0,0.72,0.0376055346534653
0.0,0.06308375799409605,0.0,0.0,0.64,0.0,0.64,0.094247367714163
0.0,1.1084086441785304,0.0,0.0,0.6559999999999999,0.0,0.6559999999999999,0.23651644401567604
0.0,1.5006471337159912,0.0,0.0,0.496,0.0,0.496,0.26764767990607
0.0,1.9234295822784264,0.0,0.0,0.584,0.0,0.584,0.33611733334956295
0.0,1.8851485158901797,0.0,0.0,1.328,0.0,1.328,0.430717942569599
0.0,2.1460248099904544,0.0,0.0,1.3519999999999999,0.0,1.3519999999999999,0.468905200542556
0.0,0.6662530643800235,0.0,0.0,1.656,0.0,1.656,0.311294687148503
0.0,1.3194156779213073,0.0,0.0,1.432,0.0,1.432,0.36882331896186404
0.0,1.817461251882555,0.0,0.0,0.904,0.0,0.904,0.364807971183677
0.0,0.8657237035027721,0.0,0.0,1.3519999999999999,0.0,1.3519999999999999,0.29728267648901696
0.22869525593736495,0.0,0.0,0.0,0.739304744062635,0.0,0.968,0.09910273886184899
0.34758504963728387,0.0,0.0,0.0,1.0364149503627162,0.0,1.3840000000000001,0.138929935190042
2.1018301475985703,0.0,0.0,0.0,0.9861698524014298,0.0,3.088,0.132194651990069
1.8674946788189866,0.0,0.0,0.0,0.13250532118101344,0.0,2.0,0.0177621479481469
1.713859440150586,0.0,0.0,0.0,0.03014055984941408,0.0,1.744,0.00404029874810779
1.6,0.0,0.0,0.0,0.0,0.0,1.6,0.0
0.904,0.0,0.0,0.0,0.0,0.0,0.904,0.0
0.696,0.0,0.0,0.0,0.0,0.0,0.696,0.0
0.568,0.0,0.0,0.0,0.0,0.0,0.568,0.0
0.56,0.0,0.0,0.0,0.0,0.0,0.56,0.0
0.6559999999999999,0.0,0.0,0.0,0.0,0.0,0.6559999999999999,0.0
0.44799999999999995,0.0,0.0,0.0,0.0,0.0,0.44799999999999995,0.0
0.56,0.0,0.0,0.0,0.0,0.0,0.56,0.0
0.46507499082321363,0.0,0.0,0.0,0.22292500917678632,0.0,0.688,0.0298827772277228
0.18852133607196475,0.0,0.0,0.0,0.6514786639280352,0.0,0.84,0.0873297789901054
0.0,0.6069578253767728,0.0,0.0,0.904,0.0,0.904,0.202541725860879
0.0,1.9537206697543714,0.0,0.0,0.8,0.0,0.8,0.369132299805752
0.0,3.384016815074563,0.0,0.0,0.7120000000000001,0.0,0.7120000000000001,0.549065169753173
0.0,3.850785302151733,0.0,0.0,1.024,0.0,1.024,0.653457966672798
0.0,4.068601644515812,0.0,0.0,1.296,0.0,1.296,0.719117143700155
0.0,2.742853105977056,0.0,0.0,1.3840000000000001,0.0,1.3840000000000001,0.553198730249464
0.0,2.8625590929002582,0.0,0.0,1.296,0.0,1.296,0.557448872247932
0.0,2.8552507797267377,0.0,0.0,1.024,0.0,1.024,0.520007994119286
0.0,2.1189747454577947,0.0,0.0,1.24,0.0,1.24,0.450265739150251
0.0,1.2701306495576048,0.0,0.0,1.328,0.0,1.328,0.34827568111785195
0.0,0.7573230577645484,0.0,0.0,1.176,0.0,1.176,0.25915917849568
0.7504988953117437,0.0,0.0,0.0,1.001501104688256,0.0,1.7519999999999998,0.134249784334354
2.512220991597319,0.0,0.0,0.0,0.15977900840268056,0.0,2.6719999999999997,0.0214181465390333
1.383719354310626,0.0,0.0,0.0,0.016280645689373905,0.0,1.4,0.00218239716600495
1.3519999999999999,0.0,0.0,0.0,0.0,0.0,1.3519999999999999,0.0
1.032,0.0,0.0,0.0,0.0,0.0,1.032,0.0
1.04,0.0,0.0,0.0,0.0,0.0,1.04,0.0
0.8959999999999999,0.0,0.0,0.0,0.0,0.0,0.8959999999999999,0.0
0.8320000000000001,0.0,0.0,0.0,0.0,0.0,0.8320000000000001,0.0
0.696,0.0,0.0,0.0,0.0,0.0,0.696,0.0
0.552,0.0,0.0,0.0,0.0,0.0,0.552,0.0
0.424,0.0,0.0,0.0,0.0,0.0,0.424,0.0
0.37159240747119127,0.0,0.0,0.0,0.1724075925288088,0.0,0.544,0.0231109900990099
0.21406776099131009,0.0,0.0,0.0,0.44193223900868983,0.0,0.6559999999999999,0.059240381762517
0.0,0.2102733048760702,0.0,0.0,0.856,0.0,0.856,0.14293240471826502
0.0,1.2222101096777997,0.0,0.0,0.888,0.0,0.888,0.282870633690016
0.0,1.6320340678727157,0.0,0.0,1.0959999999999999,0.0,1.0959999999999999,0.365689047724699
0.0,2.020613392889694,0.0,0.0,1.64,0.0,1.64,0.490699966506639
0.0,0.872594601892823,0.0,0.0,3.3280000000000003,0.0,3.3280000000000003,0.5630836718404829
0.0,0.7777288281068393,0.0,0.0,2.512,0.0,2.512,0.44098342340753005
0.0,0.5573502007438682,0.0,0.0,1.624,0.0,1.624,0.29240686069809196
0.0,1.2354592614392268,0.0,0.0,0.9840000000000001,0.0,0.9840000000000001,0.297515325537109
0.0,0.887083601671639,0.0,0.0,1.744,0.0,1.744,0.35269297700877006
0.22265098256690163,0.0,0.0,0.0,1.4333490174330983,0.0,1.656,0.19213837664827102
0.021678314617865624,0.0,0.0,0.0,1.9063216853821345,0.0,1.9280000000000002,0.25553968331779
2.5167532590320727,0.0,0.0,0.0,0.6432467409679273,0.0,3.16,0.0862263015432228
2.347342075791691,0.0,0.0,0.0,0.18065792420830892,0.0,2.528,0.0242169352082812
1.6232591264178717,0.0,0.0,0.0,0.016740873582128172,0.0,1.64,0.00224409005386866
1.296,0.0,0.0,0.0,0.0,0.0,1.296,0.0
1.0959999999999999,0.0,0.0,0.0,0.0,0.0,1.0959999999999999,0.0
1.344,0.0,0.0,0.0,0.0,0.0,1.344,0.0
0.768,0.0,0.0,0.0,0.0,0.0,0.768,0.0
0.568,0.0,0.0,0.0,0.0,0.0,0.568,0.0
0.536,0.0,0.0,0.0,0.0,0.0,0.536,0.0
0.608,0.0,0.0,0.0,0.0,0.0,0.608,0.0
0.584,0.0,0.0,0.0,0.0,0.0,0.584,0.0
0.457419175969796,0.0,0.0,0.0,0.11858082403020406,0.0,0.5760000000000001,0.0158955891089109
0.0,0.052040445166060156,0.0,0.0,0.47200000000000003,0.0,0.47200000000000003,0.0702468688418686
0.0,0.6023034383941045,0.0,0.0,0.624,0.0,0.624,0.16438421421824698
0.0,1.4930163407382675,0.0,0.0,0.688,0.0,0.688,0.292362107243962
0.0,2.328041285300139,0.0,0.0,0.688,0.0,0.688,0.404296001471799
0.0,2.71183494241352,0.0,0.0,1.24,0.0,1.24,0.529737796853576
0.0,2.7646977740510543,0.0,0.0,1.088,0.0,1.088,0.516448601854313
0.0,1.81636147414162,0.0,0.0,1.632,0.0,1.632,0.46224790171800206
0.0,1.5589707997710471,0.0,0.0,1.96,0.0,1.96,0.47171298038178994
0.0,1.5597652543316471,0.0,0.0,1.224,0.0,1.224,0.373159733206507
0.0,1.8401014885144371,0.0,0.0,0.856,0.0,0.856,0.36140853133583
0.0,0.731266704249232,0.0,0.0,1.216,0.0,1.216,0.261028304275612
0.07723018208929533,0.0,0.0,0.0,1.5467698179107048,0.0,1.624,0.20734227201280803
1.7235364689110593,0.0,0.0,0.0,0.6284635310889406,0.0,2.352,0.084244633496395
2.755584910408055,0.0,0.0,0.0,0.20441508959194504,0.0,2.96,0.0274015490985889
1.6636651273071765,0.0,0.0,0.0,0.03233487269282342,0.0,1.696,0.00433444323243315
1.5759999999999998,0.0,0.0,0.0,0.0,0.0,1.5759999999999998,0.0
1.328,0.0,0.0,0.0,0.0,0.0,1.328,0.0
0.8079999999999999,0.0,0.0,0.0,0.0,0.0,0.8079999999999999,0.0
0.52,0.0,0.0,0.0,0.0,0.0,0.52,0.0
0.48,0.0,0.0,0.0,0.0,0.0,0.48,0.0
0.47200000000000003,0.0,0.0,0.0,0.0,0.0,0.47200000000000003,0.0
0.56,0.0,0.0,0.0,0.0,0.0,0.56,0.0
0.5920000000000001,0.0,0.0,0.0,0.0,0.0,0.5920000000000001,0.0
0.3350478889691523,0.0,0.0,0.0,0.21695211103084777,0.0,0.552,0.0290821188118812
0.31067870206459347,0.0,0.0,0.0,0.6333212979354066,0.0,0.9440000000000001,0.0848958101635317
0.0,0.5513284076687279,0.0,0.0,0.9279999999999999,0.0,0.9279999999999999,0.19830184785570398
0.0,1.9417484287711948,0.0,0.0,0.696,0.0,0.696,0.353586387506824
0.0,2.8434720613864446,0.0,0.0,0.8,0.0,0.8,0.48840219564373905
0.0,3.14346815197975,0.0,0.0,1.256,0.0,1.256,0.589742385529359
0.0,3.716038624469178,0.0,0.0,1.1520000000000001,0.0,1.1520000000000001,0.652553584221679
0.0,4.156022220403593,0.0,0.0,0.9440000000000001,0.0,0.9440000000000001,0.6836506519907629
0.0,4.111533512937416,0.0,0.0,0.9440000000000001,0.0,0.9440000000000001,0.6776870046670711
0.0,3.4065470836672103,0.0,0.0,1.3119999999999998,0.0,1.3119999999999998,0.632514457935621
0.0,3.105146520525878,0.0,0.0,1.04,0.0,1.04,0.555650936189549
0.0,1.7563688809388769,0.0,0.0,1.5759999999999998,0.0,1.5759999999999998,0.44669926123327897
0.9068840630370696,0.0,0.0,0.0,2.3331159369629306,0.0,3.24,0.312750839612719
1.4298828671177344,0.0,0.0,0.0,1.2341171328822653,0.0,2.6639999999999997,0.16543162873928902
2.915515423947645,0.0,0.0,0.0,0.33248457605235515,0.0,3.248,0.0445690797749264
2.30375496318408,0.0,0.0,0.0,0.01624503681591993,0.0,2.32,0.00217762384767389
1.584,0.0,0.0,0.0,0.0,0.0,1.584,0.0
0.8959999999999999,0.0,0.0,0.0,0.0,0.0,0.8959999999999999,0.0
0.68,0.0,0.0,0.0,0.0,0.0,0.68,0.0
0.888,0.0,0.0,0.0,0.0,0.0,0.888,0.0
0.792,0.0,0.0,0.0,0.0,0.0,0.792,0.0
0.76,0.0,0.0,0.0,0.0,0.0,0.76,0.0
0.584,0.0,0.0,0.0,0.0,0.0,0.584,0.0
0.504,0.0,0.0,0.0,0.0,0.0,0.504,0.0
0.6555703333926854,0.0,0.0,0.0,0.16042966660731453,0.0,0.816,0.0215053663366337
0.006987475878212801,0.0,0.0,0.0,0.6010125241217872,0.0,0.608,0.0805648654483624
0.0,1.002493309149357,0.0,0.0,0.68,0.0,0.68,0.22553581103398201
0.0,1.911508065193043,0.0,0.0,0.56,0.0,0.56,0.331302105588854
0.0,2.0749065487706844,0.0,0.0,0.632,0.0,0.632,0.36285693414071
0.0,2.0250434855478394,0.0,0.0,0.9440000000000001,0.0,0.9440000000000001,0.39799601393169604
0.0,0.5831964610101354,0.0,0.0,1.624,0.0,1.624,0.2958715147562381
0.0,1.6402146022407074,0.0,0.0,0.904,0.0,0.904,0.34104831243041805
0.0,1.783373423580698,0.0,0.0,0.736,0.0,0.736,0.337718388117698
0.0,2.2592940134080424,0.0,0.0,0.616,0.0,0.616,0.38542903187115707
0.0,1.8476212260863307,0.0,0.0,0.8079999999999999,0.0,0.8079999999999999,0.35598221031098903
0.3112387806641128,0.0,0.0,0.0,1.6567612193358874,0.0,1.9680000000000002,0.222086461361017
1.0444631542537461,0.0,0.0,0.0,1.1715368457462536,0.0,2.2159999999999997,0.157042831151086
1.8387005311753293,0.0,0.0,0.0,0.7052994688246708,0.0,2.544,0.0945443805679277
1.6920375247416273,0.0,0.0,0.0,0.0759624752583728,0.0,1.768,0.0101826606812527
1.64,0.0,0.0,0.0,0.0,0.0,1.64,0.0
1.392,0.0,0.0,0.0,0.0,0.0,1.392,0.0
0.912,0.0,0.0,0.0,0.0,0.0,0.912,0.0
0.7040000000000001,0.0,0.0,0.0,0.0,0.0,0.7040000000000001,0.0
0.47200000000000003,0.0,0.0,0.0,0.0,0.0,0.47200000000000003,0.0
0.616,0.0,0.0,0.0,0.0,0.0,0.616,0.0
0.504,0.0,0.0,0.0,0.0,0.0,0.504,0.0
0.504,0.0,0.0,0.0,0.0,0.0,0.504,0.0
0.52,0.0,0.0,0.0,0.0,0.0,0.52,0.0
0.4227074352300588,0.0,0.0,0.0,0.1212925647699412,0.0,0.544,0.0162590940594059
0.2515012441654211,0.0,0.0,0.0,0.5244987558345788,0.0,0.7759999999999999,0.0703083047285778
0.0,0.10134850450323074,0.0,0.0,0.752,0.0,0.752,0.114390141114485
0.0,0.6267827902305316,0.0,0.0,0.728,0.0,0.728,0.18160668675942998
0.0,1.6327676773585524,0.0,0.0,0.6559999999999999,0.0,0.6559999999999999,0.30680601912313504
0.0,2.526724962389806,0.0,0.0,0.9359999999999999,0.0,0.9359999999999999,0.46417330668319
0.0,1.9812152851451985,0.0,0.0,1.4080000000000001,0.0,1.4080000000000001,0.454319440052011
0.0,1.3503767789005634,0.0,0.0,1.92,0.0,1.92,0.43838930901244
0.0,3.2550204381384145,0.0,0.0,1.032,0.0,1.032,0.574668931030485
0.0,1.6716531800220318,0.0,0.0,1.84,0.0,1.84,0.470732063966873
0.0,0.30268294870478085,0.0,0.0,2.6239999999999997,0.0,2.6239999999999997,0.392317644822719
0.0,0.723119279025856,0.0,0.0,1.136,0.0,1.136,0.24921226855635997
0.41731639604820736,0.0,0.0,0.0,1.6626836039517927,0.0,2.08,0.22288034851072502
0.7000296189585764,0.0,0.0,0.0,1.3319703810414236,0.0,2.032,0.178548716079769
1.435841560629327,0.0,0.0,0.0,0.428158439370673,0.0,1.864,0.0573940237083799
1.6781689798090909,0.0,0.0,0.0,0.04183102019090903,0.0,1.72,0.00560738816245601
1.176,0.0,0.0,0.0,0.0,0.0,1.176,0.0
0.8640000000000001,0.0,0.0,0.0,0.0,0.0,0.8640000000000001,0.0
1.0,0.0,0.0,0.0,0.0,0.0,1.0,0.0
1.016,0.0,0.0,0.0,0.0,0.0,1.016,0.0
0.848,0.0,0.0,0.0,0.0,0.0,0.848,0.0
0.456,0.0,0.0,0.0,0.0,0.0,0.456,0.0
0.5920000000000001,0.0,0.0,0.0,0.0,0.0,0.5920000000000001,0.0
0.56,0.0,0.0,0.0,0.0,0.0,0.56,0.0
0.6011836389091687,0.0,0.0,0.0,0.05481636109083126,0.0,0.6559999999999999,0.00734805445544554
0.8117950798655298,0.0,0.0,0.0,0.20420492013447025,0.0,1.016,0.0273733761847423
0.4312644031172518,0.0,0.0,0.0,0.35273559688274825,0.0,0.784,0.0472837000247733
0.0,0.08478186539040267,0.0,0.0,0.5760000000000001,0.0,0.5760000000000001,0.0885768597812251
0.0,0.6852006173869878,0.0,0.0,0.544,0.0,0.544,0.164772576900177
0.0,0.4425524188078267,0.0,0.0,0.784,0.0,0.784,0.164417589685023
0.0,0.8149175623077203,0.0,0.0,1.064,0.0,1.064,0.251866199988226
0.0,0.9478697660519124,0.0,0.0,1.896,0.0,1.896,0.38121665665690996
0.0,0.9486135097297987,0.0,0.0,1.376,0.0,1.376,0.31161110145664195
0.0,1.9139664757302732,0.0,0.0,0.9520000000000001,0.0,0.9520000000000001,0.38417868884532397
0.0,0.9480179217184916,0.0,0.0,1.32,0.0,1.32,0.304024544188531
0.6287363220483133,0.0,0.0,0.0,2.0432636779516864,0.0,2.6719999999999997,0.273896560691881
0.0,0.5325681360751058,0.0,0.0,1.248,0.0,1.248,0.238682600689805
0.6957159776670614,0.0,0.0,0.0,1.0402840223329386,0.0,1.736,0.13944857872937
1.4622769700873481,0.0,0.0,0.0,0.161723029912652,0.0,1.624,0.021678739829678
2.887150478305936,0.0,0.0,0.0,0.03284952169406394,0.0,2.92,0.00440343119170848
1.92,0.0,0.0,0.0,0.0,0.0,1.92,0.0
1.368,0.0,0.0,0.0,0.0,0.0,1.368,0.0
0.9279999999999999,0.0,0.0,0.0,0.0,0.0,0.9279999999999999,0.0
0.888,0.0,0.0,0.0,0.0,0.0,0.888,0.0
0.888,0.0,0.0,0.0,0.0,0.0,0.888,0.0
0.816,0.0,0.0,0.0,0.0,0.0,0.816,0.0
0.8640000000000001,0.0,0.0,0.0,0.0,0.0,0.8640000000000001,0.0
0.904,0.0,0.0,0.0,0.0,0.0,0.904,0.0
0.6460936018643959,0.0,0.0,0.0,0.033906398135604164,0.0,0.68,0.00454510396039604
0.7461598564228276,0.0,0.0,0.0,0.23784014357717248,0.0,0.9840000000000001,0.0318821295671224
0.0,0.3096135843830179,0.0,0.0,0.6559999999999999,0.0,0.6559999999999999,0.129439113793184
0.0,1.240996003015395,0.0,0.0,0.68,0.0,0.68,0.25750675451551197
0.0,1.8426849389389104,0.0,0.0,0.816,0.0,0.816,0.35639289661757
0.0,2.738700278052751,0.0,0.0,0.848,0.0,0.848,0.48079201964578294
0.0,1.800515224780001,0.0,0.0,1.304,0.0,1.304,0.416155805958065
0.0,0.8957507607684119,0.0,0.0,1.1520000000000001,0.0,1.1520000000000001,0.274498047697353
0.0,0.3353738275541067,0.0,0.0,1.6880000000000002,0.0,1.6880000000000002,0.271230354819698
0.0,0.4933166920419304,0.0,0.0,0.7440000000000001,0.0,0.7440000000000001,0.16586052504817902
0.1939783947214586,0.0,0.0,0.0,0.5580216052785414,0.0,0.752,0.0748019945378625
0.137837815566626,0.0,0.0,0.0,0.6861621844333741,0.0,0.8240000000000001,0.0919790550877561
1.055390754595166,0.0,0.0,0.0,0.7846092454048341,0.0,1.84,0.105175742182658
2.3826078330317704,0.0,0.0,0.0,0.45739216696822943,0.0,2.84,0.0613127628958747
2.345936510582289,0.0,0.0,0.0,0.014063489417711085,0.0,2.36,0.00188519055293891
1.912,0.0,0.0,0.0,0.0,0.0,1.912,0.0
1.5119999999999998,0.0,0.0,0.0,0.0,0.0,1.5119999999999998,0.0
1.368,0.0,0.0,0.0,0.0,0.0,1.368,0.0
1.136,0.0,0.0,0.0,0.0,0.0,1.136,0.0
1.024,0.0,0.0,0.0,0.0,0.0,1.024,0.0
0.9840000000000001,0.0,0.0,0.0,0.0,0.0,0.9840000000000001,0.0
0.56,0.0,0.0,0.0,0.0,0.0,0.56,0.0
0.536,0.0,0.0,0.0,0.0,0.0,0.536,0.0
0.528,0.0,0.0,0.0,0.0,0.0,0.528,0.0
0.7120000000000001,0.0,0.0,0.0,0.0,0.0,0.7120000000000001,0.0
0.8358649319028191,0.0,0.0,0.0,0.1321350680971809,0.0,0.968,0.017712516054162
0.20517993034621973,0.0,0.0,0.0,0.5308200696537803,0.0,0.736,0.0711556677648889
0.06097085716659301,0.0,0.0,0.0,1.203029142833407,0.0,1.264,0.161264328334017
0.0,0.7507456966090842,0.0,0.0,1.0959999999999999,0.0,1.0959999999999999,0.247553607609189
0.0,1.4095713524604967,0.0,0.0,1.208,0.0,1.208,0.35088167941361403
0.0,1.6723749628481805,0.0,0.0,1.208,0.0,1.208,0.386110125844353
0.6831849872848539,0.0,0.0,0.0,1.4848150127151463,0.0,2.168,0.19903731938016
0.5440746619618186,0.0,0.0,0.0,1.5679253380381815,0.0,2.112,0.21017813909403196
0.6937973911302631,0.0,0.0,0.0,1.490202608869737,0.0,2.184,0.19975951890490196
0.578221813362098,0.0,0.0,0.0,1.2777781866379019,0.0,1.8559999999999999,0.17128433027208403
0.8986540239061646,0.0,0.0,0.0,0.9973459760938354,0.0,1.896,0.13369279531549902
2.2191843819566,0.0,0.0,0.0,0.7648156180434003,0.0,2.984,0.102522434870237
2.932642093815228,0.0,0.0,0.0,0.3953579061847725,0.0,3.3280000000000003,0.0529971593558142
1.3047409931409217,0.0,0.0,0.0,0.15925900685907826,0.0,1.464,0.0213484410791438
1.6248723726244092,0.0,0.0,0.0,0.023127627375590865,0.0,1.6480000000000001,0.0031002252247189
1.4240000000000002,0.0,0.0,0.0,0.0,0.0,1.4240000000000002,0.0
0.92,0.0,0.0,0.0,0.0,0.0,0.92,0.0
0.8320000000000001,0.0,0.0,0.0,0.0,0.0,0.8320000000000001,0.0
0.6,0.0,0.0,0.0,0.0,0.0,0.6,0.0
0.56,0.0,0.0,0.0,0.0,0.0,0.56,0.0
0.512,0.0,0.0,0.0,0.0,0.0,0.512,0.0
0.488,0.0,0.0,0.0,0.0,0.0,0.488,0.0
0.6,0.0,0.0,0.0,0.0,0.0,0.6,0.0
0.39305138898320985,0.0,0.0,0.0,0.25494861101679017,0.0,0.648,0.0341754950495049
0.14529424256923507,0.0,0.0,0.0,0.7507057574307648,0.0,0.8959999999999999,0.100631028325235
0.0,0.8688021281010745,0.0,0.0,0.728,0.0,0.728,0.21404903131777897
0.0,1.8877865115014976,0.0,0.0,0.8320000000000001,0.0,0.8320000000000001,0.36458347464151597
0.0,3.0028691319982426,0.0,0.0,0.7120000000000001,0.0,0.7120000000000001,0.497972870390745
0.0,3.2738163147695882,0.0,0.0,1.2,0.0,1.2,0.599708649943314
0.0,3.4786979138142304,0.0,0.0,1.3359999999999999,0.0,1.3359999999999999,0.6454033385872551
0.0,3.3552283234649654,0.0,0.0,1.632,0.0,1.632,0.668530792145021
0.0,3.5952341597303086,0.0,0.0,1.368,0.0,1.368,0.6653144089662291
0.0,3.651301601418327,0.0,0.0,1.0959999999999999,0.0,1.0959999999999999,0.63636895973163
0.0,3.0423958667677233,0.0,0.0,1.224,0.0,1.224,0.571904236867351
0.0772436849383733,0.0,0.0,0.0,3.4827563150616268,0.0,3.56,0.46685848073195396
0.0,0.4670166208700144,0.0,0.0,1.9680000000000002,0.0,1.9680000000000002,0.32641047990069205
0.41398002605171547,0.0,0.0,0.0,1.3540199739482845,0.0,1.768,0.181504432332651
1.2544968380911437,0.0,0.0,0.0,0.4335031619088566,0.0,1.6880000000000002,0.0581104760864344
1.3094213875715943,0.0,0.0,0.0,0.05857861242840579,0.0,1.368,0.00785237884242486
1.32,0.0,0.0,0.0,0.0,0.0,1.32,0.0
0.9359999999999999,0.0,0.0,0.0,0.0,0.0,0.9359999999999999,0.0
0.76,0.0,0.0,0.0,0.0,0.0,0.76,0.0
0.912,0.0,0.0,0.0,0.0,0.0,0.912,0.0
0.648,0.0,0.0,0.0,0.0,0.0,0.648,0.0
0.456,0.0,0.0,0.0,0.0,0.0,0.456,0.0
0.496,0.0,0.0,0.0,0.0,0.0,0.496,0.0
0.52,0.0,0.0,0.0,0.0,0.0,0.52,0.0
0.5676817963319299,0.0,0.0,0.0,0.09631820366807013,0.0,0.664,0.0129113168316832
0.5362804285270215,0.0,0.0,0.0,0.2797195714729785,0.0,0.816,0.0374960067128777
0.24495163590278846,0.0,0.0,0.0,0.8350483640972116,0.0,1.08,0.111937033582905
0.0,0.6222669269482339,0.0,0.0,0.536,0.0,0.536,0.155264017599679
0.0,0.3069869224412829,0.0,0.0,0.76,0.0,0.76,0.14302806412770402
0.0,0.6202649972532183,0.0,0.0,0.9840000000000001,0.0,0.9840000000000001,0.21504941820652101
0.0,0.4964262657542393,0.0,0.0,1.328,0.0,1.328,0.24456171996702697
0.0,0.9423025141460459,0.0,0.0,1.1440000000000001,0.0,1.1440000000000001,0.27966585485446005
0.0,1.2455275488309572,0.0,0.0,0.648,0.0,0.648,0.25382464769306695
0.0,1.1742293624188076,0.0,0.0,0.728,0.0,0.728,0.254991113303557
0.0,0.4834960157617447,0.0,0.0,1.3119999999999998,0.0,1.3119999999999998,0.240683661516517
0.3878837359825289,0.0,0.0,0.0,1.292116264017471,0.0,1.68,0.17320632894683896
0.6322105053276728,0.0,0.0,0.0,1.0077894946723271,0.0,1.64,0.135092733977864
3.847939294984587,0.0,0.0,0.0,0.608060705015413,0.0,4.456,0.0815096639717882
2.3171111417939265,0.0,0.0,0.0,0.36288885820607386,0.0,2.68,0.0486447301190647
1.4468300954973687,0.0,0.0,0.0,0.0411699045026314,0.0,1.4880000000000002,0.00551876655419632
1.248,0.0,0.0,0.0,0.0,0.0,1.248,0.0
0.7040000000000001,0.0,0.0,0.0,0.0,0.0,0.7040000000000001,0.0
0.848,0.0,0.0,0.0,0.0,0.0,0.848,0.0
0.696,0.0,0.0,0.0,0.0,0.0,0.696,0.0
0.56,0.0,0.0,0.0,0.0,0.0,0.56,0.0
0.584,0.0,0.0,0.0,0.0,0.0,0.584,0.0
0.408,0.0,0.0,0.0,0.0,0.0,0.408,0.0
0.528,0.0,0.0,0.0,0.0,0.0,0.528,0.0
0.46682728707150706,0.0,0.0,0.0,0.09317271292849298,0.0,0.56,0.0124896683168317
0.11255321794388518,0.0,0.0,0.0,0.39944678205611484,0.0,0.512,0.0535452672923187
0.0,0.10998112035021368,0.0,0.0,0.7120000000000001,0.0,0.7120000000000001,0.110185388330926
0.0,1.2293776123023625,0.0,0.0,0.9279999999999999,0.0,0.9279999999999999,0.289193369656352
0.0,1.4386533061356037,0.0,0.0,0.6559999999999999,0.0,0.6559999999999999,0.280785266523974
0.0,1.3635688026920465,0.0,0.0,1.088,0.0,1.088,0.328629276095193
0.0,2.569453891834958,0.0,0.0,0.848,0.0,0.848,0.458104784711399
0.0,2.2056604229394186,0.0,0.0,1.7919999999999998,0.0,1.7919999999999998,0.535880636685525
0.0,2.482742740629089,0.0,0.0,1.568,0.0,1.568,0.542996245114159
0.0,1.903851414693925,0.0,0.0,1.584,0.0,1.584,0.46754147151808095
0.0,2.5601067787873477,0.0,0.0,0.784,0.0,0.784,0.448272709577289
0.0,2.347992428999849,0.0,0.0,1.048,0.0,1.048,0.45522790644973204
0.5733863222736266,0.0,0.0,0.0,2.450613677726373,0.0,3.0239999999999996,0.32850124296566996
1.3071389756932272,0.0,0.0,0.0,1.420861024306773,0.0,2.728,0.190464379109846
2.5051691147096005,0.0,0.0,0.0,0.39883088529039945,0.0,2.904,0.0534627072156673
1.7155292201147385,0.0,0.0,0.0,0.04447077988526153,0.0,1.76,0.00596124415722464
1.44,0.0,0.0,0.0,0.0,0.0,1.44,0.0
1.16,0.0,0.0,0.0,0.0,0.0,1.16,0.0
0.768,0.0,0.0,0.0,0.0,0.0,0.768,0.0
0.7440000000000001,0.0,0.0,0.0,0.0,0.0,0.7440000000000001,0.0
0.616,0.0,0.0,0.0,0.0,0.0,0.616,0.0
0.648,0.0,0.0,0.0,0.0,0.0,0.648,0.0
0.56,0.0,0.0,0.0,0.0,0.0,0.56,0.0
0.792,0.0,0.0,0.0,0.0,0.0,0.792,0.0
0.4977277778540905,0.0,0.0,0.0,0.20627222214590954,0.0,0.7040000000000001,0.0276504950495049
1.1350862702203162,0.0,0.0,0.0,0.6809137297796838,0.0,1.8159999999999998,0.0912755072813202
0.28141122435476085,0.0,0.0,0.0,1.510588775645239,0.0,1.7919999999999998,0.202492255274541
0.0,1.3717836563418704,0.0,0.0,1.024,0.0,1.024,0.321151357367482
0.0,1.9646160590470594,0.0,0.0,1.296,0.0,1.296,0.43708089853825605
0.0,2.8888658357078576,0.0,0.0,1.28,0.0,1.28,0.5588304763147
0.0,3.6764922692067454,0.0,0.0,1.056,0.0,1.056,0.634383790023645
0.0,3.236956274849002,0.0,0.0,1.544,0.0,1.544,0.6408803203569561
0.0,3.376445269470545,0.0,0.0,1.224,0.0,1.224,0.616683079406754
0.0,3.1350048754170814,0.0,0.0,1.232,0.0,1.232,0.5853907299426371
0.0,1.603654213417995,0.0,0.0,2.2159999999999997,0.0,2.2159999999999997,0.512019160021587
0.0,1.8238464991091785,0.0,0.0,1.56,0.0,1.56,0.45359976199664104
0.0,0.37789531221549755,0.0,0.0,2.024,0.0,2.024,0.321970616057382
0.0,0.01180375874759787,0.0,0.0,1.328,0.0,1.328,0.17959876910790898
2.1030866619471693,0.0,0.0,0.0,0.4409133380528308,0.0,2.544,0.0591037995531297
2.9343997208457915,0.0,0.0,0.0,0.06560027915420837,0.0,3.0,0.00879362317974402
1.952,0.0,0.0,0.0,0.0,0.0,1.952,0.0
1.1440000000000001,0.0,0.0,0.0,0.0,0.0,1.1440000000000001,0.0
1.024,0.0,0.0,0.0,0.0,0.0,1.024,0.0
1.0,0.0,0.0,0.0,0.0,0.0,1.0,0.0
0.768,0.0,0.0,0.0,0.0,0.0,0.768,0.0
0.552,0.0,0.0,0.0,0.0,0.0,0.552,0.0
0.56,0.0,0.0,0.0,0.0,0.0,0.56,0.0
0.688,0.0,0.0,0.0,0.0,0.0,0.688,0.0
0.5179593704096014,0.0,0.0,0.0,0.10604062959039862,0.0,0.624,0.0142145940594059
0.5511253845135823,0.0,0.0,0.0,0.35287461548641774,0.0,0.904,0.0473023352688821
0.4454350149294841,0.0,0.0,0.0,0.626564985070516,0.0,1.072,0.0839901361300624
0.0,0.12555620318568617,0.0,0.0,0.856,0.0,0.856,0.13157619894063302
0.0,0.7223247869894486,0.0,0.0,0.7759999999999999,0.0,0.7759999999999999,0.20084828521358802
0.0,0.6215205511130626,0.0,0.0,1.104,0.0,1.104,0.23130355100659802
0.0,0.391609690170053,0.0,0.0,1.48,0.0,1.48,0.250886590226607
0.0,0.11824056298924157,0.0,0.0,1.784,0.0,1.784,0.25499261472393303
0.0,1.2698667625838795,0.0,0.0,0.664,0.0,0.664,0.259232061345629
0.0,1.1206328743458593,0.0,0.0,0.92,0.0,0.92,0.273543905247913
0.0,0.9378129617185745,0.0,0.0,0.872,0.0,0.872,0.24260282755441098
0.0,0.15175696333864042,0.0,0.0,0.96,0.0,0.96,0.14902942379368397
0.0,0.25537199943603295,0.0,0.0,0.8079999999999999,0.0,0.8079999999999999,0.142543488892022
1.7068360224305579,0.0,0.0,0.0,0.7971639775694422,0.0,2.504,0.10685868599328802
1.1867142289407522,0.0,0.0,0.0,0.37328577105924793,0.0,1.56,0.0500384213509043
1.1922325625282744,0.0,0.0,0.0,0.007767437471725491,0.0,1.2,0.00104121383444137
1.368,0.0,0.0,0.0,0.0,0.0,1.368,0.0
1.3519999999999999,0.0,0.0,0.0,0.0,0.0,1.3519999999999999,0.0
1.024,0.0,0.0,0.0,0.0,0.0,1.024,0.0
0.7759999999999999,0.0,0.0,0.0,0.0,0.0,0.7759999999999999,0.0
0.8320000000000001,0.0,0.0,0.0,0.0,0.0,0.8320000000000001,0.0
0.8640000000000001,0.0,0.0,0.0,0.0,0.0,0.8640000000000001,0.0
0.84,0.0,0.0,0.0,0.0,0.0,0.84,0.0
0.64,0.0,0.0,0.0,0.0,0.0,0.64,0.0
0.5565815648486359,0.0,0.0,0.0,0.09141843515136411,0.0,0.648,0.0122545099009901
0.167936191424996,0.0,0.0,0.0,0.40806380857500407,0.0,0.5760000000000001,0.054700367318019
0.0,0.16394094862005237,0.0,0.0,0.92,0.0,0.92,0.14530072698093902
0.0,0.217025415404831,0.0,0.0,1.056,0.0,1.056,0.170647228116087
0.0,0.38284463413979775,0.0,0.0,0.992,0.0,0.992,0.18429594811477
0.0,0.9876223020828949,0.0,0.0,1.176,0.0,1.176,0.29003046135035704
1.3240056571983094,0.0,0.0,0.0,1.0679943428016905,0.0,2.392,0.143163107379764
0.0,0.26959852397033734,0.0,0.0,1.368,0.0,1.368,0.21951772957625199
0.0,1.3323367686746213,0.0,0.0,1.272,0.0,1.272,0.349107602469823
0.0,2.9800273646782482,0.0,0.0,0.7759999999999999,0.0,0.7759999999999999,0.503490072353886
0.0,2.4219198390905667,0.0,0.0,0.728,0.0,0.728,0.422242229278462
0.0,1.7426406277276292,0.0,0.0,0.976,0.0,0.976,0.3644298705677971
0.0,0.9668700468803025,0.0,0.0,0.904,0.0,0.904,0.25078744210618203
0.2972612700127961,0.0,0.0,0.0,1.542738729987204,0.0,1.84,0.20680191046769394
1.8246737776915802,0.0,0.0,0.0,0.43132622230841955,0.0,2.256,0.0578186604603712
1.2426437983896654,0.0,0.0,0.0,0.05335620161033451,0.0,1.296,0.0071523221747393
1.136,0.0,0.0,0.0,0.0,0.0,1.136,0.0
1.104,0.0,0.0,0.0,0.0,0.0,1.104,0.0
1.112,0.0,0.0,0.0,0.0,0.0,1.112,0.0
0.888,0.0,0.0,0.0,0.0,0.0,0.888,0.0
0.7040000000000001,0.0,0.0,0.0,0.0,0.0,0.7040000000000001,0.0
0.6,0.0,0.0,0.0,0.0,0.0,0.6,0.0
0.504,0.0,0.0,0.0,0.0,0.0,0.504,0.0
0.512,0.0,0.0,0.0,0.0,0.0,0.512,0.0
0.7040000000000001,0.0,0.0,0.0,0.0,0.0,0.7040000000000001,0.0
0.5298430169115651,0.0,0.0,0.0,0.20615698308843486,0.0,0.736,0.027635047419402
0.2449847906592677,0.0,0.0,0.0,0.6670152093407323,0.0,0.912,0.0894124305829908
0.0,0.5618685632878173,0.0,0.0,0.768,0.0,0.768,0.17826697042935397
0.0,0.9269552621301002,0.0,0.0,0.904,0.0,0.904,0.24543692255170302
0.0,1.1085745739716821,0.0,0.0,1.44,0.0,1.44,0.341632760377452
0.0,1.437240928529177,0.0,0.0,1.656,0.0,1.656,0.41464450274221293
0.0,2.360363210291757,0.0,0.0,1.216,0.0,1.216,0.479406350562577
0.0,1.2380460671433913,0.0,0.0,1.3840000000000001,0.0,1.3840000000000001,0.35148150848851395
0.0,2.413272362042386,0.0,0.0,0.9359999999999999,0.0,0.9359999999999999,0.448965148591788
0.0,1.584045735649206,0.0,0.0,1.0959999999999999,0.0,1.0959999999999999,0.359256280729822
0.0,0.6135174382773485,0.0,0.0,1.1840000000000002,0.0,1.1840000000000002,0.24095463030077302
0.051600318625894426,0.0,0.0,0.0,1.2123996813741056,0.0,1.264,0.162520435563751
1.3640691519464296,0.0,0.0,0.0,0.7239308480535704,0.0,2.088,0.0970418901878596
2.0405039311298867,0.0,0.0,0.0,0.3274960688701138,0.0,2.3680000000000003,0.0439003775535996
1.5155620444735265,0.0,0.0,0.0,0.036437955526473415,0.0,1.5519999999999998,0.00488445559182537
2.088,0.0,0.0,0.0,0.0,0.0,2.088,0.0
1.392,0.0,0.0,0.0,0.0,0.0,1.392,0.0
0.8,0.0,0.0,0.0,0.0,0.0,0.8,0.0
0.504,0.0,0.0,0.0,0.0,0.0,0.504,0.0
0.672,0.0,0.0,0.0,0.0,0.0,0.672,0.0
0.608,0.0,0.0,0.0,0.0,0.0,0.608,0.0
0.616,0.0,0.0,0.0,0.0,0.0,0.616,0.0
0.536,0.0,0.0,0.0,0.0,0.0,0.536,0.0
0.34035891674496555,0.0,0.0,0.0,0.21164108325503453,0.0,0.552,0.0283701831683168
0.03147886426817048,0.0,0.0,0.0,0.5845211357318295,0.0,0.616,0.0783542185260956
0.0,0.34531396931980374,0.0,0.0,0.696,0.0,0.696,0.139586641643345
0.0,1.336456062915752,0.0,0.0,0.72,0.0,0.72,0.27566498094423103
0.0,2.4450771849817396,0.0,0.0,0.768,0.0,0.768,0.43070838076379603
0.0,0.7749496648474212,0.0,0.0,1.744,0.0,1.744,0.33766158386827094
0.0,2.882230997680111,0.0,0.0,1.08,0.0,1.08,0.5311313731271661
0.0,3.860061443970366,0.0,0.0,0.8240000000000001,0.0,0.8240000000000001,0.6278917074760749
0.0,4.234504476021875,0.0,0.0,1.04,0.0,1.04,0.7070397476964709
0.0,2.66673180615898,0.0,0.0,1.256,0.0,1.256,0.525836563248006
0.0,2.114873171971734,0.0,0.0,1.04,0.0,1.04,0.422906216435261
0.0,0.43578841334706975,0.0,0.0,1.64,0.0,1.64,0.27825645474683697
1.854995926218838,0.0,0.0,0.0,1.5210040737811623,0.0,3.3760000000000003,0.203888411027121
2.5516243063342587,0.0,0.0,0.0,0.8323756936657409,0.0,3.384,0.111578765951105
2.526784908907637,0.0,0.0,0.0,0.19321509109236346,0.0,2.72,0.0259002053895553
1.6743475056879071,0.0,0.0,0.0,0.05365249431209312,0.0,1.7280000000000002,0.0071920397857581295
1.104,0.0,0.0,0.0,0.0,0.0,1.104,0.0
0.848,0.0,0.0,0.0,0.0,0.0,0.848,0.0
0.56,0.0,0.0,0.0,0.0,0.0,0.56,0.0
0.536,0.0,0.0,0.0,0.0,0.0,0.536,0.0
0.536,0.0,0.0,0.0,0.0,0.0,0.536,0.0
0.624,0.0,0.0,0.0,0.0,0.0,0.624,0.0
0.512,0.0,0.0,0.0,0.0,0.0,0.512,0.0
0.504,0.0,0.0,0.0,0.0,0.0,0.504,0.0
0.30894074081586453,0.0,0.0,0.0,0.20305925918413545,0.0,0.512,0.027219801980197997
0.0,0.07905990470799873,0.0,0.0,0.5760000000000001,0.0,0.5760000000000001,0.0878098391718754
0.0,0.9129782751821802,0.0,0.0,0.696,0.0,0.696,0.215681226341838
0.0,2.0870216136674924,0.0,0.0,0.84,0.0,0.84,0.39236304237444697
0.0,2.9949973121095965,0.0,0.0,0.968,0.0,0.968,0.531234096475557
0.0,3.6773267143252797,0.0,0.0,1.2,0.0,1.2,0.653798639323688
0.0,4.29728629453577,0.0,0.0,0.992,0.0,0.992,0.709021229232807
0.0,1.5214811021988923,0.0,0.0,1.248,0.0,1.248,0.371244963133619
0.0,1.2096283808527375,0.0,0.0,1.304,0.0,1.304,0.33694827339330097
0.0,1.3125886617721205,0.0,0.0,0.856,0.0,0.856,0.290696194732062
0.0,1.0241802311307917,0.0,0.0,0.68,0.0,0.68,0.22844291177032103
0.0,0.04003968536650393,0.0,0.0,1.528,0.0,1.528,0.21019346718912305
0.903676387705487,0.0,0.0,0.0,0.9363236122945131,0.0,1.84,0.12551283511247802
1.003237428495531,0.0,0.0,0.0,0.5327625715044692,0.0,1.536,0.0714160573473899
2.2564998522314954,0.0,0.0,0.0,0.25550014776850466,0.0,2.512,0.0342494277587386
0.9709790592925623,0.0,0.0,0.0,0.05302094070743766,0.0,1.024,0.00710738093233932
1.1520000000000001,0.0,0.0,0.0,0.0,0.0,1.1520000000000001,0.0
1.008,0.0,0.0,0.0,0.0,0.0,1.008,0.0
0.56,0.0,0.0,0.0,0.0,0.0,0.56,0.0
0.728,0.0,0.0,0.0,0.0,0.0,0.728,0.0
0.424,0.0,0.0,0.0,0.0,0.0,0.424,0.0
0.496,0.0,0.0,0.0,0.0,0.0,0.496,0.0
0.47200000000000003,0.0,0.0,0.0,0.0,0.0,0.47200000000000003,0.0
0.6,0.0,0.0,0.0,0.0,0.0,0.6,0.0
0.49219073157168114,0.0,0.0,0.0,0.24380926842831888,0.0,0.736,0.0326822821782178
0.0,0.1431696265898078,0.0,0.0,0.5760000000000001,0.0,0.5760000000000001,0.0964036552905779
0.0,0.8189312850802486,0.0,0.0,0.528,0.0,0.528,0.180554203773449
0.0,1.2893751566428562,0.0,0.0,0.608,0.0,0.608,0.254340413992807
0.0,1.5208098236286194,0.0,0.0,0.672,0.0,0.672,0.29394300668298307
0.0,1.4008180677593702,0.0,0.0,0.92,0.0,0.92,0.31110232791301
0.0,1.2903142787815842,0.0,0.0,1.5519999999999998,0.0,1.5519999999999998,0.381008145822924
0.0,1.7220424363860676,0.0,0.0,1.264,0.0,1.264,0.400274698870993
0.0,2.0191880014750594,0.0,0.0,0.792,0.0,0.792,0.37683571306576497
0.0,2.7185781077013265,0.0,0.0,0.7120000000000001,0.0,0.7120000000000001,0.45986406699413396
0.0,1.7182114445015553,0.0,0.0,1.416,0.0,1.416,0.42013654155036895
0.7472598061977553,0.0,0.0,0.0,2.492740193802245,0.0,3.24,0.334148241926998
0.02292883819612057,0.0,0.0,0.0,1.8810711618038796,0.0,1.9040000000000001,0.252154886906841
1.1936533750178722,0.0,0.0,0.0,0.9583466249821276,0.0,2.1519999999999997,0.12846498832515502
1.2166748726315881,0.0,0.0,0.0,0.4073251273684119,0.0,1.624,0.0546013481634593
2.233855319406938,0.0,0.0,0.0,0.07814468059306211,0.0,2.312,0.0104751821714277
1.1440000000000001,0.0,0.0,0.0,0.0,0.0,1.1440000000000001,0.0
0.888,0.0,0.0,0.0,0.0,0.0,0.888,0.0
0.8640000000000001,0.0,0.0,0.0,0.0,0.0,0.8640000000000001,0.0
0.616,0.0,0.0,0.0,0.0,0.0,0.616,0.0
0.624,0.0,0.0,0.0,0.0,0.0,0.624,0.0
0.648,0.0,0.0,0.0,0.0,0.0,0.648,0.0
0.48,0.0,0.0,0.0,0.0,0.0,0.48,0.0
0.56,0.0,0.0,0.0,0.0,0.0,0.56,0.0
0.3918184445303424,0.0,0.0,0.0,0.23218155546965755,0.0,0.624,0.031123603960396
0.0548474428492024,0.0,0.0,0.0,0.5691525571507976,0.0,0.624,0.07629408264569501
0.0,0.15341399830953284,0.0,0.0,0.9359999999999999,0.0,0.9359999999999999,0.146034381429271
0.0,0.6644799002412309,0.0,0.0,0.8640000000000001,0.0,0.8640000000000001,0.204890534824376
0.0,0.9996363235644655,0.0,0.0,0.9840000000000001,0.0,0.9840000000000001,0.265903599496492
0.0,0.4984475840770468,0.0,0.0,2.248,0.0,2.248,0.368157353119168
0.0,1.6302349701527785,0.0,0.0,1.0959999999999999,0.0,1.0959999999999999,0.365447881259912
0.0,1.660206924940372,0.0,0.0,1.6880000000000002,0.0,1.6880000000000002,0.4488223282788621
0.0,2.9891037780700374,0.0,0.0,0.8959999999999999,0.0,0.8959999999999999,0.520792580138831
0.0,1.8829967559837617,0.0,0.0,1.1840000000000002,0.0,1.1840000000000002,0.41112650911468496
0.0,1.9417366739652793,0.0,0.0,0.84,0.0,0.84,0.372887804922639
0.0,0.5537322926856547,0.0,0.0,1.8880000000000001,0.0,1.8880000000000001,0.327310706059894
0.0,0.9448665542750536,0.0,0.0,1.032,0.0,1.032,0.264996121648647
1.2652055198498677,0.0,0.0,0.0,1.2307944801501323,0.0,2.496,0.164986231913845
1.2151744248955494,0.0,0.0,0.0,0.4328255751044507,0.0,1.6480000000000001,0.05801964654872
1.5088566398126433,0.0,0.0,0.0,0.08314336018735655,0.0,1.5919999999999999,0.0111452479899766
1.304,0.0,0.0,0.0,0.0,0.0,1.304,0.0
1.168,0.0,0.0,0.0,0.0,0.0,1.168,0.0
0.736,0.0,0.0,0.0,0.0,0.0,0.736,0.0
0.536,0.0,0.0,0.0,0.0,0.0,0.536,0.0
0.648,0.0,0.0,0.0,0.0,0.0,0.648,0.0
0.552,0.0,0.0,0.0,0.0,0.0,0.552,0.0
0.512,0.0,0.0,0.0,0.0,0.0,0.512,0.0
0.488,0.0,0.0,0.0,0.0,0.0,0.488,0.0
0.26660130567002055,0.0,0.0,0.0,0.3093986943299795,0.0,0.5760000000000001,0.0414744504950495
0.0,0.24179552489701273,0.0,0.0,0.5760000000000001,0.0,0.5760000000000001,0.10962431527342
0.0,0.9686544926727891,0.0,0.0,0.76,0.0,0.76,0.231723651370482
0.0,2.141023512228291,0.0,0.0,0.76,0.0,0.76,0.38887803422520295
0.0,3.2344552197499166,0.0,0.0,0.68,0.0,0.68,0.524727098729954
0.0,3.91526253545548,0.0,0.0,0.688,0.0,0.688,0.617060729864771
0.0,3.704702066012773,0.0,0.0,1.36,0.0,1.36,0.678916036035347
0.0,4.0933506891902205,0.0,0.0,1.168,0.0,1.168,0.7052765014683209
0.0,3.9785081280600565,0.0,0.0,1.264,0.0,1.264,0.7027506832179069
0.0,3.444373453793575,0.0,0.0,1.5759999999999998,0.0,1.5759999999999998,0.6729738492495211
0.0,3.2478135727060735,0.0,0.0,1.304,0.0,1.304,0.6101640703194139
0.0,2.977262799681637,0.0,0.0,0.784,0.0,0.784,0.5041918748949029
0.0,1.4457013985002083,0.0,0.0,1.288,0.0,1.288,0.36644874525366905
1.4962263710164867,0.0,0.0,0.0,1.5357736289835133,0.0,3.032,0.20586824868416198
1.5928370369467666,0.0,0.0,0.0,0.43916296305323343,0.0,2.032,0.0588691642990095
1.3265830430848382,0.0,0.0,0.0,0.05741695691516194,0.0,1.3840000000000001,0.0076966605897002705
1.632,0.0,0.0,0.0,0.0,0.0,1.632,0.0
1.232,0.0,0.0,0.0,0.0,0.0,1.232,0.0
1.032,0.0,0.0,0.0,0.0,0.0,1.032,0.0
0.568,0.0,0.0,0.0,0.0,0.0,0.568,0.0
0.696,0.0,0.0,0.0,0.0,0.0,0.696,0.0
0.688,0.0,0.0,0.0,0.0,0.0,0.688,0.0
0.64,0.0,0.0,0.0,0.0,0.0,0.64,0.0
0.528,0.0,0.0,0.0,0.0,0.0,0.528,0.0
0.34862979639817204,0.0,0.0,0.0,0.27537020360182796,0.0,0.624,0.0369129801980198
0.3071991657949944,0.0,0.0,0.0,0.7408008342050056,0.0,1.048,0.0993032875961617
0.0,0.6430940604342322,0.0,0.0,0.816,0.0,0.816,0.19558946267743396
0.0,1.317508676948627,0.0,0.0,0.88,0.0,0.88,0.29457288122019204
0.0,2.1449341148619774,0.0,0.0,0.872,0.0,0.872,0.404415683991931
0.0,2.782401901549746,0.0,0.0,0.648,0.0,0.648,0.459840446812651
0.0,2.295886876153661,0.0,0.0,1.3519999999999999,0.0,1.3519999999999999,0.48899399522099396
0.0,2.446541732874071,0.0,0.0,1.3519999999999999,0.0,1.3519999999999999,0.509189062334708
0.0,3.053750531623039,0.0,0.0,1.28,0.0,1.28,0.580933032929991
0.0,3.410915981679179,0.0,0.0,0.752,0.0,0.752,0.558032906929672
0.0,3.0682818181786926,0.0,0.0,0.784,0.0,0.784,0.516392843567182
0.0,2.2647800113392296,0.0,0.0,0.872,0.0,0.872,0.420480854244975
0.0,0.7138722406120064,0.0,0.0,1.5919999999999999,0.0,1.5919999999999999,0.309098861254971
1.3571369829024642,0.0,0.0,0.0,1.450863017097536,0.0,2.8080000000000003,0.19448610314280604
2.985365434021814,0.0,0.0,0.0,0.49463456597818595,0.0,3.48,0.0663050529810034
1.6252610020622738,0.0,0.0,0.0,0.04673899793772628,0.0,1.672,0.0062652955286522
1.464,0.0,0.0,0.0,0.0,0.0,1.464,0.0
1.064,0.0,0.0,0.0,0.0,0.0,1.064,0.0
1.304,0.0,0.0,0.0,0.0,0.0,1.304,0.0
1.048,0.0,0.0,0.0,0.0,0.0,1.048,0.0
0.608,0.0,0.0,0.0,0.0,0.0,0.608,0.0
0.56,0.0,0.0,0.0,0.0,0.0,0.56,0.0
0.536,0.0,0.0,0.0,0.0,0.0,0.536,0.0
0.664,0.0,0.0,0.0,0.0,0.0,0.664,0.0
0.43622175010202663,0.0,0.0,0.0,0.27577824989797345,0.0,0.7120000000000001,0.0369676782178218
0.06381742907709342,0.0,0.0,0.0,0.7921825709229066,0.0,0.856,0.10619093558857198
0.0,0.9552274728943172,0.0,0.0,0.68,0.0,0.68,0.219199893585746
0.0,1.7730737372095038,0.0,0.0,0.912,0.0,0.912,0.35993027711578995
0.0,2.4721504648381885,0.0,0.0,1.056,0.0,1.056,0.472943501296601
0.0,2.6842027249131406,0.0,0.0,1.624,0.0,1.624,0.5775083861423199
0.0,3.7715153972158646,0.0,0.0,0.848,0.0,0.848,0.6192394026350091
0.0,3.67756332361824,0.0,0.0,1.04,0.0,1.04,0.632382586314319
0.0,3.9764635073635954,0.0,0.0,0.8,0.0,0.8,0.640278071329814
0.0,3.906927523257077,0.0,0.0,0.7120000000000001,0.0,0.7120000000000001,0.619160598975369
0.0,3.406753720963371,0.0,0.0,0.76,0.0,0.76,0.55854735036745
0.0,2.336392952304317,0.0,0.0,1.008,0.0,1.008,0.448311070726124
0.0,1.3617363490209426,0.0,0.0,1.264,0.0,1.264,0.35197618547276793
0.9225315579307978,0.0,0.0,0.0,1.3814684420692025,0.0,2.3040000000000003,0.18518386005199303
1.1374668731517066,0.0,0.0,0.0,0.49453312684829326,0.0,1.632,0.06629145521136799
1.1657185462439263,0.0,0.0,0.0,0.07428145375607363,0.0,1.24,0.0099573221638126
1.04,0.0,0.0,0.0,0.0,0.0,1.04,0.0
1.248,0.0,0.0,0.0,0.0,0.0,1.248,0.0
1.1440000000000001,0.0,0.0,0.0,0.0,0.0,1.1440000000000001,0.0
0.872,0.0,0.0,0.0,0.0,0.0,0.872,0.0
0.8320000000000001,0.0,0.0,0.0,0.0,0.0,0.8320000000000001,0.0
0.992,0.0,0.0,0.0,0.0,0.0,0.992,0.0
1.0,0.0,0.0,0.0,0.0,0.0,1.0,0.0
0.76,0.0,0.0,0.0,0.0,0.0,0.76,0.0
0.2910356112194956,0.0,0.0,0.0,0.29296438878050435,0.0,0.584,0.0392714554455446
0.0,0.1915108019479309,0.0,0.0,0.5760000000000001,0.0,0.5760000000000001,0.10288372040075801
0.0,1.0372779891742705,0.0,0.0,0.624,0.0,0.624,0.22269192786909398
0.0,2.058720590780966,0.0,0.0,0.84,0.0,0.84,0.388569330913549
0.0,3.211089919715241,0.0,0.0,0.784,0.0,0.784,0.53553606442109
0.0,2.9509962433862755,0.0,0.0,1.8159999999999998,0.0,1.8159999999999998,0.6390089981942559
0.0,3.57457299965393,0.0,0.0,1.68,0.0,1.68,0.70436796192276
0.0,3.907499560597864,0.0,0.0,1.568,0.0,1.568,0.733982850035825
0.0,4.082635161749291,0.0,0.0,1.3359999999999999,0.0,1.3359999999999999,0.72636025906115
0.0,4.24029504447106,0.0,0.0,0.9279999999999999,0.0,0.9279999999999999,0.6928025259767709
0.0,3.7417202567202565,0.0,0.0,0.88,0.0,0.88,0.619534960884088
0.0,2.673706665295427,0.0,0.0,1.16,0.0,1.16,0.5139028710081079
0.0,1.4880278325331087,0.0,0.0,1.304,0.0,1.304,0.374267319944454
1.4490439737926673,0.0,0.0,0.0,1.5589560262073328,0.0,3.008,0.20897581572835397
2.2799247444453408,0.0,0.0,0.0,0.4240752555546589,0.0,2.7039999999999997,0.05684667878371499
1.7059033055155188,0.0,0.0,0.0,0.04609669448448094,0.0,1.7519999999999998,0.00617919567347307
1.464,0.0,0.0,0.0,0.0,0.0,1.464,0.0
1.112,0.0,0.0,0.0,0.0,0.0,1.112,0.0
1.064,0.0,0.0,0.0,0.0,0.0,1.064,0.0
0.768,0.0,0.0,0.0,0.0,0.0,0.768,0.0
0.768,0.0,0.0,0.0,0.0,0.0,0.768,0.0
0.608,0.0,0.0,0.0,0.0,0.0,0.608,0.0
0.608,0.0,0.0,0.0,0.0,0.0,0.608,0.0
0.56,0.0,0.0,0.0,0.0,0.0,0.56,0.0
0.5616948149000183,0.0,0.0,0.0,0.2303051850999817,0.0,0.792,0.0308720792079208
0.27000530523757715,0.0,0.0,0.0,0.6739946947624229,0.0,0.9440000000000001,0.0903480205770911
0.0,0.471390934132466,0.0,0.0,1.016,0.0,1.016,0.19938261794560197
0.0,1.827931364944894,0.0,0.0,0.792,0.0,0.792,0.351198035696771
0.0,2.8812364743880936,0.0,0.0,0.728,0.0,0.728,0.483812964389202
0.0,3.165252915821422,0.0,0.0,1.264,0.0,1.264,0.5937349903337629
0.0,4.117750056566659,0.0,0.0,0.8320000000000001,0.0,0.8320000000000001,0.6635068843083051
0.0,3.4555380742428046,0.0,0.0,1.704,0.0,1.704,0.6916286666978722
0.0,3.9537809223568567,0.0,0.0,1.1840000000000002,0.0,1.1840000000000002,0.6887121517437249
0.0,4.019109417796127,0.0,0.0,0.84,0.0,0.84,0.651356636894789
0.0,3.6579393410346626,0.0,0.0,0.72,0.0,0.72,0.586856479350301
0.0,2.8255088549519556,0.0,0.0,0.768,0.0,0.768,0.48170469959796997
0.0,0.6641876370529867,0.0,0.0,1.9040000000000001,0.0,1.9040000000000001,0.34426186330751896
0.7541740203534006,0.0,0.0,0.0,1.4298259796465995,0.0,2.184,0.191666118494161
0.879583115663328,0.0,0.0,0.0,0.41641688433667196,0.0,1.296,0.0558200851239035
1.3707546562032487,0.0,0.0,0.0,0.05324534379675146,0.0,1.4240000000000002,0.00713746184408601
1.3359999999999999,0.0,0.0,0.0,0.0,0.0,1.3359999999999999,0.0
0.9279999999999999,0.0,0.0,0.0,0.0,0.0,0.9279999999999999,0.0
0.768,0.0,0.0,0.0,0.0,0.0,0.768,0.0
0.608,0.0,0.0,0.0,0.0,0.0,0.608,0.0
0.8079999999999999,0.0,0.0,0.0,0.0,0.0,0.8079999999999999,0.0
0.8,0.0,0.0,0.0,0.0,0.0,0.8,0.0
0.7040000000000001,0.0,0.0,0.0,0.0,0.0,0.7040000000000001,0.0
0.76,0.0,0.0,0.0,0.0,0.0,0.76,0.0
0.6475372129986502,0.0,0.0,0.0,0.09646278700134989,0.0,0.7440000000000001,0.012930698019802
0.5101012628442472,0.0,0.0,0.0,0.4258987371557528,0.0,0.9359999999999999,0.0570911138727414
0.0,0.06252006620339767,0.0,0.0,0.872,0.0,0.872,0.12527107234992502
0.0,0.7378910510759141,0.0,0.0,0.856,0.0,0.856,0.21365880562458803
0.0,1.4246502621676642,0.0,0.0,0.92,0.0,0.92,0.31429699933628696
0.0,1.471598556383917,0.0,0.0,1.456,0.0,1.456,0.392440380716752
0.0,1.791260773458068,0.0,0.0,1.216,0.0,1.216,0.40311898647338795
0.0,2.035507607281882,0.0,0.0,0.8079999999999999,0.0,0.8079999999999999,0.381168109794062
0.0,0.8807128977939245,0.0,0.0,1.3359999999999999,0.0,1.3359999999999999,0.297147179435862
0.0,0.37370211377858276,0.0,0.0,1.416,0.0,1.416,0.23990699727915102
0.0,1.3781140353000239,0.0,0.0,0.9840000000000001,0.0,0.9840000000000001,0.316637993036352
0.0,0.35416191783607975,0.0,0.0,1.768,0.0,1.768,0.28447275640375397
0.4339231203048932,0.0,0.0,0.0,1.1260768796951068,0.0,1.56,0.15094898800938197
2.1187816682193548,0.0,0.0,0.0,0.8732183317806453,0.0,2.992,0.117053662916175
1.8462904255685038,0.0,0.0,0.0,0.3777095744314965,0.0,2.224,0.0506314258377509
1.4588998762117305,0.0,0.0,0.0,0.06110012378826965,0.0,1.52,0.008190383817829971
1.4240000000000002,0.0,0.0,0.0,0.0,0.0,1.4240000000000002,0.0
1.24,0.0,0.0,0.0,0.0,0.0,1.24,0.0
0.856,0.0,0.0,0.0,0.0,0.0,0.856,0.0
0.816,0.0,0.0,0.0,0.0,0.0,0.816,0.0
0.68,0.0,0.0,0.0,0.0,0.0,0.68,0.0
0.56,0.0,0.0,0.0,0.0,0.0,0.56,0.0
0.7120000000000001,0.0,0.0,0.0,0.0,0.0,0.7120000000000001,0.0
0.7759999999999999,0.0,0.0,0.0,0.0,0.0,0.7759999999999999,0.0
0.5570231667535983,0.0,0.0,0.0,0.23497683324640173,0.0,0.792,0.0314983069306931
0.11508433842356935,0.0,0.0,0.0,0.7329156615764306,0.0,0.848,0.0982462915330821
0.0,0.7471469085188064,0.0,0.0,0.7120000000000001,0.0,0.7120000000000001,0.19559654688724998
0.0,1.6254823645696168,0.0,0.0,0.8240000000000001,0.0,0.8240000000000001,0.32834959206224296
0.0,2.3009475530785286,0.0,0.0,0.888,0.0,0.888,0.427473838271622
0.0,2.0955330048735763,0.0,0.0,1.464,0.0,1.464,0.47715028570441903
0.0,2.3939405342323816,0.0,0.0,1.1440000000000001,0.0,1.1440000000000001,0.47425584603455107
0.0,2.6582638455805583,0.0,0.0,0.784,0.0,0.784,0.4614305233692
0.0,2.9575380632022363,0.0,0.0,0.672,0.0,0.672,0.486534363204625
0.0,1.8431677607559707,0.0,0.0,1.288,0.0,1.288,0.419728540116807
0.0,2.1026354455194447,0.0,0.0,1.6,0.0,1.6,0.496332962293086
0.0,0.2812056650766177,0.0,0.0,2.656,0.0,2.656,0.39372819983550705
2.0458698297185687,0.0,0.0,0.0,2.0661301702814314,0.0,4.112,0.276961781138849
0.3424983610858017,0.0,0.0,0.0,1.0175016389141984,0.0,1.36,0.136394632961092
1.4916077655245354,0.0,0.0,0.0,0.46039223447546457,0.0,1.952,0.0617149176353447
1.6034113524882316,0.0,0.0,0.0,0.02058864751176847,0.0,1.624,0.00275987862145327
1.528,0.0,0.0,0.0,0.0,0.0,1.528,0.0
1.208,0.0,0.0,0.0,0.0,0.0,1.208,0.0
0.672,0.0,0.0,0.0,0.0,0.0,0.672,0.0
0.46399999999999997,0.0,0.0,0.0,0.0,0.0,0.46399999999999997,0.0
0.632,0.0,0.0,0.0,0.0,0.0,0.632,0.0
0.6,0.0,0.0,0.0,0.0,0.0,0.6,0.0
0.7040000000000001,0.0,0.0,0.0,0.0,0.0,0.7040000000000001,0.0
0.536,0.0,0.0,0.0,0.0,0.0,0.536,0.0
0.2818160741681118,0.0,0.0,0.0,0.25418392583188826,0.0,0.536,0.0340729900990099
0.29348193549399293,0.0,0.0,0.0,0.6985180645060071,0.0,0.992,0.0936353430611263
0.0,0.819868698083445,0.0,0.0,0.848,0.0,0.848,0.22357540293020498
0.0,1.7759978229643472,0.0,0.0,0.672,0.0,0.672,0.32815059139273806
0.0,2.751866328761209,0.0,0.0,0.736,0.0,0.736,0.467543470727375
0.0,2.951298813660736,0.0,0.0,0.8079999999999999,0.0,0.8079999999999999,0.503928605390249
0.0,3.0264406009477938,0.0,0.0,1.024,0.0,1.024,0.542955743723933
0.0,2.2065557525124766,0.0,0.0,1.56,0.0,1.56,0.5049013876180599
0.0,2.084520093197222,0.0,0.0,1.368,0.0,1.368,0.462805358628164
0.0,1.8200106133800764,0.0,0.0,0.7040000000000001,0.0,0.7040000000000001,0.33833999674855203
0.0,1.901396142589413,0.0,0.0,1.224,0.0,1.224,0.418954862993044
0.0,1.5687535651093156,0.0,0.0,1.4880000000000002,0.0,1.4880000000000002,0.409753424093258
0.0,1.1834513130544184,0.0,0.0,1.656,0.0,1.656,0.38062436938011296
1.2690617367225765,0.0,0.0,0.0,1.2589382632774235,0.0,2.528,0.16875886561090697
1.845152674026194,0.0,0.0,0.0,0.258847325973806,0.0,2.104,0.0346981121886277
2.0070536401182006,0.0,0.0,0.0,0.0809463598817993,0.0,2.088,0.0108507432552111
1.496,0.0,0.0,0.0,0.0,0.0,1.496,0.0
1.328,0.0,0.0,0.0,0.0,0.0,1.328,0.0
0.976,0.0,0.0,0.0,0.0,0.0,0.976,0.0
1.048,0.0,0.0,0.0,0.0,0.0,1.048,0.0
0.904,0.0,0.0,0.0,0.0,0.0,0.904,0.0
0.872,0.0,0.0,0.0,0.0,0.0,0.872,0.0
0.7440000000000001,0.0,0.0,0.0,0.0,0.0,0.7440000000000001,0.0
0.856,0.0,0.0,0.0,0.0,0.0,0.856,0.0
0.5364318426812228,0.0,0.0,0.0,0.23956815731877715,0.0,0.7759999999999999,0.0321137673267327
0.6095269403626464,0.0,0.0,0.0,0.7104730596373536,0.0,1.32,0.0952378929840254
0.0,0.7342855089070168,0.0,0.0,0.792,0.0,0.792,0.204596379818471
0.0,1.9293385830742702,0.0,0.0,0.7120000000000001,0.0,0.7120000000000001,0.35406764253356204
0.0,2.996522915809531,0.0,0.0,0.648,0.0,0.648,0.488543061169504
0.0,3.605095081397785,0.0,0.0,0.8320000000000001,0.0,0.8320000000000001,0.594786221363277
0.0,3.15218796361935,0.0,0.0,1.784,0.0,1.784,0.661688905231921
0.0,3.5261513456869737,0.0,0.0,1.632,0.0,1.632,0.691442777727127
0.0,4.450637629775966,0.0,0.0,0.68,0.0,0.68,0.687754603635258
0.0,4.159598882317296,0.0,0.0,0.7120000000000001,0.0,0.7120000000000001,0.6530308316715789
0.0,3.4910679720890965,0.0,0.0,0.88,0.0,0.88,0.5859353822145059
0.0,2.5755028029398157,0.0,0.0,1.04,0.0,1.04,0.48465295672939895
0.0,1.4961213497705352,0.0,0.0,1.104,0.0,1.104,0.34854253162157
0.0,0.3149918806618668,0.0,0.0,1.16,0.0,1.16,0.19772054264025699
2.840619389127436,0.0,0.0,0.0,0.44738061087256425,0.0,3.2880000000000003,0.0599707281837785
1.791110457531279,0.0,0.0,0.0,0.056889542468720924,0.0,1.848,0.0076259614408345595
2.088,0.0,0.0,0.0,0.0,0.0,2.088,0.0
1.848,0.0,0.0,0.0,0.0,0.0,1.848,0.0
1.432,0.0,0.0,0.0,0.0,0.0,1.432,0.0
0.976,0.0,0.0,0.0,0.0,0.0,0.976,0.0
0.7040000000000001,0.0,0.0,0.0,0.0,0.0,0.7040000000000001,0.0
0.8320000000000001,0.0,0.0,0.0,0.0,0.0,0.8320000000000001,0.0
0.688,0.0,0.0,0.0,0.0,0.0,0.688,0.0
0.8640000000000001,0.0,0.0,0.0,0.0,0.0,0.8640000000000001,0.0
0.5382959167486885,0.0,0.0,0.0,0.22170408325131158,0.0,0.76,0.0297191138613861
0.09175499023952705,0.0,0.0,0.0,0.668245009760473,0.0,0.76,0.0895772835625348
0.0,0.6030188200880408,0.0,0.0,0.8079999999999999,0.0,0.8079999999999999,0.189145045773563
0.0,1.8003897892927854,0.0,0.0,0.7040000000000001,0.0,0.7040000000000001,0.33570985346678195
0.0,2.456552955316444,0.0,0.0,0.96,0.0,0.96,0.457984015465371
0.0,2.5136247853385565,0.0,0.0,1.584,0.0,1.584,0.5492807158570631
0.0,2.1123629648426117,0.0,0.0,2.456,0.0,2.456,0.612382492560582
0.0,3.2119891126036766,0.0,0.0,1.632,0.0,1.632,0.64932978170546
0.0,3.4535448858329594,0.0,0.0,1.392,0.0,1.392,0.649538330871833
0.0,2.898156563324564,0.0,0.0,1.744,0.0,1.744,0.6222744184257479
0.0,2.5781942947699394,0.0,0.0,1.6640000000000001,0.0,1.6640000000000001,0.5686600509088481
0.0,2.254131714717979,0.0,0.0,1.192,0.0,1.192,0.46194900567051894
0.0,1.371068999743312,0.0,0.0,1.136,0.0,1.136,0.33606899777874105
1.1604317722284838,0.0,0.0,0.0,1.4635682277715159,0.0,2.6239999999999997,0.19618921838144102
1.8946738636347549,0.0,0.0,0.0,0.4573261363652449,0.0,2.352,0.0613039115884037
1.789159360012216,0.0,0.0,0.0,0.058840639987784174,0.0,1.848,0.007887503260332671
2.736,0.0,0.0,0.0,0.0,0.0,2.736,0.0
1.416,0.0,0.0,0.0,0.0,0.0,1.416,0.0
1.008,0.0,0.0,0.0,0.0,0.0,1.008,0.0
0.784,0.0,0.0,0.0,0.0,0.0,0.784,0.0
0.688,0.0,0.0,0.0,0.0,0.0,0.688,0.0
0.608,0.0,0.0,0.0,0.0,0.0,0.608,0.0
0.496,0.0,0.0,0.0,0.0,0.0,0.496,0.0
0.528,0.0,0.0,0.0,0.0,0.0,0.528,0.0
0.620968944492921,0.0,0.0,0.0,0.13103105550707908,0.0,0.752,0.0175645247524752
0.26904908137234784,0.0,0.0,0.0,0.5389509186276521,0.0,0.8079999999999999,0.0722455963891187
0.0,0.3051009565121706,0.0,0.0,0.8079999999999999,0.0,0.8079999999999999,0.149209584147825
0.0,1.4841466261778558,0.0,0.0,0.584,0.0,0.584,0.277232084154939
0.0,2.376573942295506,0.0,0.0,0.608,0.0,0.608,0.400077849347781
0.0,2.879523458840282,0.0,0.0,0.792,0.0,0.792,0.492162445173995
0.0,2.9110962230131774,0.0,0.0,1.192,0.0,1.192,0.550014154217119
0.0,3.2153322237430855,0.0,0.0,1.072,0.0,1.072,0.5747107254428822
0.0,3.50836883452635,0.0,0.0,0.76,0.0,0.76,0.572168710361044
0.0,3.359438731775934,0.0,0.0,0.728,0.0,0.728,0.547915290010203
0.0,2.720919615739695,0.0,0.0,0.888,0.0,0.888,0.483770489942581
0.0,1.7948890741340982,0.0,0.0,1.176,0.0,1.176,0.398243412430325
0.0,0.38454446489233685,0.0,0.0,1.768,0.0,1.768,0.288545493189302
0.8017944206375929,0.0,0.0,0.0,1.2302055793624072,0.0,2.032,0.164907290609261
2.678649574216635,0.0,0.0,0.0,0.35335042578336495,0.0,3.032,0.0473661169556423
2.2722761442377446,0.0,0.0,0.0,0.055723855762255706,0.0,2.3280000000000003,0.00746970281244983
1.808,0.0,0.0,0.0,0.0,0.0,1.808,0.0
1.232,0.0,0.0,0.0,0.0,0.0,1.232,0.0
0.84,0.0,0.0,0.0,0.0,0.0,0.84,0.0
0.672,0.0,0.0,0.0,0.0,0.0,0.672,0.0
0.584,0.0,0.0,0.0,0.0,0.0,0.584,0.0
0.608,0.0,0.0,0.0,0.0,0.0,0.608,0.0
0.64,0.0,0.0,0.0,0.0,0.0,0.64,0.0
0.384,0.0,0.0,0.0,0.0,0.0,0.384,0.0
0.7294123148290906,0.0,0.0,0.0,0.03858768517090933,0.0,0.768,0.00517262376237624
0.5747422526999622,0.0,0.0,0.0,0.2732577473000379,0.0,0.848,0.036629808465503996
0.4597628496094306,0.0,0.0,0.0,0.5242371503905695,0.0,0.9840000000000001,0.0702732368946288
0.0,0.6214444784502896,0.0,0.0,0.7120000000000001,0.0,0.7120000000000001,0.17874631671975003
0.0,1.4226675059252818,0.0,0.0,0.68,0.0,0.68,0.28185955849264
0.0,2.2697728441998732,0.0,0.0,0.76,0.0,0.76,0.40613669721565204
0.0,2.3629756073029986,0.0,0.0,0.816,0.0,0.816,0.426137113266036
0.0,2.6840861110212924,0.0,0.0,0.648,0.0,0.648,0.44666135633205195
0.0,2.7049445312059825,0.0,0.0,0.8240000000000001,0.0,0.8240000000000001,0.473049944752454
0.0,2.6332088406978036,0.0,0.0,0.8,0.0,0.8,0.46021671297302
0.0,2.377110390514777,0.0,0.0,0.72,0.0,0.72,0.415163198562542
0.0,1.4262296368979979,0.0,0.0,0.768,0.0,0.768,0.29413333061205
0.2897683226516945,0.0,0.0,0.0,1.4942316773483055,0.0,1.784,0.20029960974632396
1.6203483862880086,0.0,0.0,0.0,0.8836516137119915,0.0,2.504,0.11845222937069601
1.975528342653385,0.0,0.0,0.0,0.30447165734661497,0.0,2.28,0.0408139882655745
2.058799768246737,0.0,0.0,0.0,0.06120023175326295,0.0,2.12,0.00820380314672296
1.4240000000000002,0.0,0.0,0.0,0.0,0.0,1.4240000000000002,0.0
1.056,0.0,0.0,0.0,0.0,0.0,1.056,0.0
0.976,0.0,0.0,0.0,0.0,0.0,0.976,0.0
1.032,0.0,0.0,0.0,0.0,0.0,1.032,0.0
0.616,0.0,0.0,0.0,0.0,0.0,0.616,0.0
0.608,0.0,0.0,0.0,0.0,0.0,0.608,0.0
0.44799999999999995,0.0,0.0,0.0,0.0,0.0,0.44799999999999995,0.0
0.68,0.0,0.0,0.0,0.0,0.0,0.68,0.0
0.7020097870525718,0.0,0.0,0.0,0.041990212947428315,0.0,0.7440000000000001,0.0056287277227722796
0.27871436716383535,0.0,0.0,0.0,0.2812856328361647,0.0,0.56,0.0377059349888206
0.0,0.04176799423658828,0.0,0.0,0.608,0.0,0.608,0.0871004661755024
0.0,0.12604327165175322,0.0,0.0,0.7440000000000001,0.0,0.7440000000000001,0.116628050667165
0.0,0.06716874993141575,0.0,0.0,0.88,0.0,0.88,0.12696661023266
0.11083705528278542,0.0,0.0,0.0,0.8331629447172146,0.0,0.9440000000000001,0.11168429582359599
0.0,0.4152900488773368,0.0,0.0,1.064,0.0,1.064,0.19829670591482398
0.0,1.1697982728777032,0.0,0.0,0.6559999999999999,0.0,0.6559999999999999,0.24474563555091197
0.0,1.065258978548515,0.0,0.0,0.8640000000000001,0.0,0.8640000000000001,0.25861439451519697
0.0,0.9477879714037907,0.0,0.0,1.1840000000000002,0.0,1.1840000000000002,0.285763115055788
0.0,1.0542499162755468,0.0,0.0,1.264,0.0,1.264,0.310758070895991
0.0,0.2110881898119581,0.0,0.0,1.9040000000000001,0.0,1.9040000000000001,0.28352453332418603
0.5081344308270073,0.0,0.0,0.0,1.1238655691729926,0.0,1.632,0.15065256501064497
1.9914246329301823,0.0,0.0,0.0,0.6165753670698177,0.0,2.608,0.0826510421880804
2.218153623912385,0.0,0.0,0.0,0.2058463760876148,0.0,2.424,0.0275934109971578
3.041187096853218,0.0,0.0,0.0,0.04681290314678177,0.0,3.088,0.00627520241575441
2.3680000000000003,0.0,0.0,0.0,0.0,0.0,2.3680000000000003,0.0
1.064,0.0,0.0,0.0,0.0,0.0,1.064,0.0
0.768,0.0,0.0,0.0,0.0,0.0,0.768,0.0
0.544,0.0,0.0,0.0,0.0,0.0,0.544,0.0
0.768,0.0,0.0,0.0,0.0,0.0,0.768,0.0
0.528,0.0,0.0,0.0,0.0,0.0,0.528,0.0
0.584,0.0,0.0,0.0,0.0,0.0,0.584,0.0
0.504,0.0,0.0,0.0,0.0,0.0,0.504,0.0
0.4609075000869748,0.0,0.0,0.0,0.2350924999130252,0.0,0.696,0.0315138118811881
0.4185129598842454,0.0,0.0,0.0,0.7094870401157545,0.0,1.128,0.0951057184836634
0.0,0.6152200646372871,0.0,0.0,0.888,0.0,0.888,0.20150449014976102
0.0,1.9498118057584892,0.0,0.0,0.672,0.0,0.672,0.35145010608640603
0.0,3.0919585961279816,0.0,0.0,0.52,0.0,0.52,0.484177860897854
0.0,3.562430322206258,0.0,0.0,0.736,0.0,0.736,0.5761984095984239
0.0,3.988515525352648,0.0,0.0,0.856,0.0,0.856,0.649400346578219
0.0,4.229173208024917,0.0,0.0,0.848,0.0,0.848,0.6805877747061241
0.0,4.42880589934355,0.0,0.0,0.632,0.0,0.632,0.678393760490542
0.0,4.068684533378985,0.0,0.0,0.728,0.0,0.728,0.6429886708178
0.0,3.580200195911543,0.0,0.0,0.7120000000000001,0.0,0.7120000000000001,0.575363270118771
0.0,2.294798206941219,0.0,0.0,1.24,0.0,1.24,0.473834621575415
0.0,1.767157078862318,0.0,0.0,0.816,0.0,0.816,0.34626849547707
1.5393506318562964,0.0,0.0,0.0,1.4606493681437036,0.0,3.0,0.19579794944154502
2.3798150638024937,0.0,0.0,0.0,0.4681849361975068,0.0,2.8480000000000003,0.0627595181062466
1.7698893904442814,0.0,0.0,0.0,0.06211060955571841,0.0,1.8319999999999999,0.00832583798330007
1.288,0.0,0.0,0.0,0.0,0.0,1.288,0.0
1.048,0.0,0.0,0.0,0.0,0.0,1.048,0.0
0.8,0.0,0.0,0.0,0.0,0.0,0.8,0.0
0.6559999999999999,0.0,0.0,0.0,0.0,0.0,0.6559999999999999,0.0
0.68,0.0,0.0,0.0,0.0,0.0,0.68,0.0
0.648,0.0,0.0,0.0,0.0,0.0,0.648,0.0
0.56,0.0,0.0,0.0,0.0,0.0,0.56,0.0
0.5760000000000001,0.0,0.0,0.0,0.0,0.0,0.5760000000000001,0.0
0.4811715000469212,0.0,0.0,0.0,0.12682849995307877,0.0,0.608,0.0170011782178218
0.4120678695181015,0.0,0.0,0.0,0.5239321304818985,0.0,0.9359999999999999,0.0702323494140608
0.0,0.23533929971491574,0.0,0.0,0.992,0.0,0.992,0.164523069940191
0.0,1.5459980889654665,0.0,0.0,0.672,0.0,0.672,0.29731945746611105
0.0,2.5576733068997464,0.0,0.0,0.568,0.0,0.568,0.418992016470672
0.0,3.2671831790970973,0.0,0.0,0.5760000000000001,0.0,0.5760000000000001,0.515173184069332
0.0,3.2326197164131516,0.0,0.0,1.064,0.0,1.064,0.5759557004929611
0.0,3.113999391997384,0.0,0.0,1.464,0.0,1.464,0.613674241777059
0.0,3.2554862782252023,0.0,0.0,1.296,0.0,1.296,0.610120196964442
0.0,3.6591699420915442,0.0,0.0,0.672,0.0,0.672,0.58058710861055
0.0,2.4494286472314077,0.0,0.0,1.3519999999999999,0.0,1.3519999999999999,0.509576049056989
0.0,1.6219750423377128,0.0,0.0,1.6,0.0,1.6,0.43190112575976797
0.0,0.3154422426039303,0.0,0.0,2.016,0.0,2.016,0.312526483288312
0.1650168695810743,0.0,0.0,0.0,1.3549831304189257,0.0,1.52,0.18163354207387697
2.1647642816775767,0.0,0.0,0.0,0.3952357183224235,0.0,2.56,0.0529807802484005
1.7809598159477662,0.0,0.0,0.0,0.05904018405223379,0.0,1.84,0.007914251855508609
1.48,0.0,0.0,0.0,0.0,0.0,1.48,0.0
1.0,0.0,0.0,0.0,0.0,0.0,1.0,0.0
0.8240000000000001,0.0,0.0,0.0,0.0,0.0,0.8240000000000001,0.0
0.768,0.0,0.0,0.0,0.0,0.0,0.768,0.0
0.664,0.0,0.0,0.0,0.0,0.0,0.664,0.0
0.544,0.0,0.0,0.0,0.0,0.0,0.544,0.0
0.6,0.0,0.0,0.0,0.0,0.0,0.6,0.0
0.5760000000000001,0.0,0.0,0.0,0.0,0.0,0.5760000000000001,0.0
0.594174101930959,0.0,0.0,0.0,0.21382589806904095,0.0,0.8079999999999999,0.0286630544554455
0.14002679457181622,0.0,0.0,0.0,0.6439732054281838,0.0,0.784,0.0863236830604867
0.0,0.5403820628363354,0.0,0.0,0.768,0.0,0.768,0.175386735911181
0.0,1.5441806930658224,0.0,0.0,0.544,0.0,0.544,0.27991762204047804
0.0,2.1496678374352616,0.0,0.0,0.6559999999999999,0.0,0.6559999999999999,0.37609574300645704
0.0,2.703494821490449,0.0,0.0,0.8240000000000001,0.0,0.8240000000000001,0.472855613247729
0.0,2.74217344124777,0.0,0.0,1.32,0.0,1.32,0.5445285141108329
0.0,2.9965888929476137,0.0,0.0,1.4480000000000002,0.0,1.4480000000000002,0.5957907560359771
0.0,3.8105427989931533,0.0,0.0,1.008,0.0,1.008,0.645918739921956
0.0,3.513080419743087,0.0,0.0,1.112,0.0,1.112,0.619985385910113
0.0,2.9755460448485636,0.0,0.0,1.272,0.0,1.272,0.569377445318603
0.0,2.3160782274843235,0.0,0.0,1.1440000000000001,0.0,1.1440000000000001,0.46381851567139
0.0,1.1446965613071671,0.0,0.0,1.416,0.0,1.416,0.34325769536541606
1.5188418266878174,0.0,0.0,0.0,1.5291581733121826,0.0,3.048,0.20498145635513498
3.152477854060794,0.0,0.0,0.0,0.47952214593920595,0.0,3.6319999999999997,0.0642792547851694
2.0910127496219237,0.0,0.0,0.0,0.060987250378075904,0.0,2.1519999999999997,0.008175253299346609
2.648,0.0,0.0,0.0,0.0,0.0,2.648,0.0
2.176,0.0,0.0,0.0,0.0,0.0,2.176,0.0
1.128,0.0,0.0,0.0,0.0,0.0,1.128,0.0
0.76,0.0,0.0,0.0,0.0,0.0,0.76,0.0
0.664,0.0,0.0,0.0,0.0,0.0,0.664,0.0
0.536,0.0,0.0,0.0,0.0,0.0,0.536,0.0
0.44,0.0,0.0,0.0,0.0,0.0,0.44,0.0
0.544,0.0,0.0,0.0,0.0,0.0,0.544,0.0
0.3076223149022649,0.0,0.0,0.0,0.23637768509773516,0.0,0.544,0.0316860891089109
0.20321182314306285,0.0,0.0,0.0,0.5967881768569372,0.0,0.8,0.0799985977661754
0.0,0.4216576888092082,0.0,0.0,0.848,0.0,0.848,0.17019578920399497
0.0,1.3228567758334877,0.0,0.0,0.736,0.0,0.736,0.275986793062007
0.0,1.430905778738564,0.0,0.0,0.5920000000000001,0.0,0.5920000000000001,0.27116761354837
0.0,1.3450138866903842,0.0,0.0,1.216,0.0,1.216,0.343300232377169
0.0760219798209203,0.0,0.0,0.0,2.9559780201790797,0.0,3.032,0.396244607068765
0.0,1.36985834789531,0.0,0.0,1.28,0.0,1.28,0.35520970476839103
0.0,1.54843665582859,0.0,0.0,1.296,0.0,1.296,0.38129264741708396
0.0,0.7673170269984153,0.0,0.0,1.056,0.0,1.056,0.244413028105333
0.17200460577898924,0.0,0.0,0.0,0.9719953942210109,0.0,1.1440000000000001,0.130294586233906
0.0,0.12898189902922874,0.0,0.0,0.9440000000000001,0.0,0.9440000000000001,0.143831682126979
0.0,0.10825288615690964,0.0,0.0,0.8959999999999999,0.0,0.8959999999999999,0.134618656687038
1.3696362184322122,0.0,0.0,0.0,0.518363781567788,0.0,1.8880000000000001,0.0694859202415733
1.9774666079207388,0.0,0.0,0.0,0.15853339207926143,0.0,2.136,0.0212511734603222
2.228681372457948,0.0,0.0,0.0,0.03531862754205212,0.0,2.2640000000000002,0.0047344112835320295
2.2,0.0,0.0,0.0,0.0,0.0,2.2,0.0
1.28,0.0,0.0,0.0,0.0,0.0,1.28,0.0
1.192,0.0,0.0,0.0,0.0,0.0,1.192,0.0
0.912,0.0,0.0,0.0,0.0,0.0,0.912,0.0
0.6,0.0,0.0,0.0,0.0,0.0,0.6,0.0
0.552,0.0,0.0,0.0,0.0,0.0,0.552,0.0
0.496,0.0,0.0,0.0,0.0,0.0,0.496,0.0
0.664,0.0,0.0,0.0,0.0,0.0,0.664,0.0
0.36262601860929683,0.0,0.0,0.0,0.24537398139070316,0.0,0.608,0.0328920297029703
0.43908600989839897,0.0,0.0,0.0,0.720913990101601,0.0,1.16,0.09663748471339399
0.0,0.9835061806694658,0.0,0.0,0.5920000000000001,0.0,0.5920000000000001,0.21119434015817298
0.0,1.8296308041218454,0.0,0.0,0.7120000000000001,0.0,0.7120000000000001,0.34070195800444997
0.0,2.9822267084366265,0.0,0.0,0.7120000000000001,0.0,0.7120000000000001,0.495205783167064
0.0,2.74336652834744,0.0,0.0,1.7280000000000002,0.0,1.7280000000000002,0.5993802595927701
0.0,3.8020168208748584,0.0,0.0,1.3359999999999999,0.0,1.3359999999999999,0.688743773601173
0.0,2.8664534812416047,0.0,0.0,0.768,0.0,0.768,0.487193267931349
0.0,3.3256733675275365,0.0,0.0,0.696,0.0,0.696,0.539099537410743
0.0,2.764729429519276,0.0,0.0,0.768,0.0,0.768,0.47355730493399395
0.0,2.226013844534857,0.0,0.0,0.768,0.0,0.768,0.4013432546816721
0.0,1.637287721504823,0.0,0.0,0.728,0.0,0.728,0.31706342111281105
0.0,0.5545963471635127,0.0,0.0,1.12,0.0,1.12,0.224477234624497
0.8502698996708844,0.0,0.0,0.0,0.8777301003291158,0.0,1.7280000000000002,0.11765845900852401
1.1331492180007727,0.0,0.0,0.0,0.4348507819992273,0.0,1.568,0.0582911226235675
1.1491839353816167,0.0,0.0,0.0,0.09081606461838336,0.0,1.24,0.0121737629964051
1.3119999999999998,0.0,0.0,0.0,0.0,0.0,1.3119999999999998,0.0
1.232,0.0,0.0,0.0,0.0,0.0,1.232,0.0
0.7759999999999999,0.0,0.0,0.0,0.0,0.0,0.7759999999999999,0.0
0.552,0.0,0.0,0.0,0.0,0.0,0.552,0.0
0.512,0.0,0.0,0.0,0.0,0.0,0.512,0.0
0.72,0.0,0.0,0.0,0.0,0.0,0.72,0.0
0.648,0.0,0.0,0.0,0.0,0.0,0.648,0.0
0.608,0.0,0.0,0.0,0.0,0.0,0.608,0.0
0.32129906490608373,0.0,0.0,0.0,0.2467009350939162,0.0,0.568,0.0330699059405941
0.0,0.09027024869234035,0.0,0.0,0.616,0.0,0.616,0.0946745122145736
0.0,0.9378069905218368,0.0,0.0,0.608,0.0,0.608,0.207213206384521
0.0,2.1292637743383556,0.0,0.0,0.7440000000000001,0.0,0.7440000000000001,0.385156881240492
0.0,2.4572036334058183,0.0,0.0,0.816,0.0,0.816,0.43876824479783105
0.0,3.0688315167552283,0.0,0.0,0.728,0.0,0.728,0.508959810320861
0.0,3.0961430418569145,0.0,0.0,0.7759999999999999,0.0,0.7759999999999999,0.51905521206876
0.0,3.6913088266509018,0.0,0.0,0.696,0.0,0.696,0.5881124454370239
0.0,2.569606452674197,0.0,0.0,0.88,0.0,0.88,0.46241478930176705
0.0,1.9530055618973092,0.0,0.0,1.064,0.0,1.064,0.404425261364377
0.0,1.816896147988385,0.0,0.0,1.008,0.0,1.008,0.37867327041285403
0.3821063672562064,0.0,0.0,0.0,1.8418936327437938,0.0,2.224,0.24690319541848604
0.9558358316620139,0.0,0.0,0.0,1.988164168337986,0.0,2.944,0.266510550583714
0.9284119665964865,0.0,0.0,0.0,1.4075880334035134,0.0,2.336,0.18868515374714498
2.3527182985854296,0.0,0.0,0.0,0.5432817014145707,0.0,2.8960000000000004,0.0728261316001345
1.5274951528284404,0.0,0.0,0.0,0.0885048471715594,0.0,1.6159999999999999,0.0118639476179363
1.456,0.0,0.0,0.0,0.0,0.0,1.456,0.0
1.392,0.0,0.0,0.0,0.0,0.0,1.392,0.0
1.112,0.0,0.0,0.0,0.0,0.0,1.112,0.0
0.672,0.0,0.0,0.0,0.0,0.0,0.672,0.0
0.616,0.0,0.0,0.0,0.0,0.0,0.616,0.0
0.736,0.0,0.0,0.0,0.0,0.0,0.736,0.0
0.488,0.0,0.0,0.0,0.0,0.0,0.488,0.0
0.48,0.0,0.0,0.0,0.0,0.0,0.48,0.0
0.5909310740981468,0.0,0.0,0.0,0.06506892590185306,0.0,0.6559999999999999,0.00872239603960396
0.42393112729904536,0.0,0.0,0.0,0.21606887270095462,0.0,0.64,0.0289637219826127
0.26880156955283857,0.0,0.0,0.0,0.48319843044716143,0.0,0.752,0.0647720554421376
0.0,0.424856662465808,0.0,0.0,0.7120000000000001,0.0,0.7120000000000001,0.152394002403638
0.0,0.9119874323776117,0.0,0.0,0.88,0.0,0.88,0.24021334095427901
0.0,1.1798582136862645,0.0,0.0,1.1440000000000001,0.0,1.1440000000000001,0.311509855107059
0.0,1.987240781047975,0.0,0.0,1.952,0.0,1.952,0.528049567615204
0.0,2.7945034208968464,0.0,0.0,1.048,0.0,1.048,0.515082063459124
0.0,3.467361106176976,0.0,0.0,0.912,0.0,0.912,0.5870470649251309
0.0,3.078124318619908,0.0,0.0,1.36,0.0,1.36,0.594924189134308
0.0,3.040613489494265,0.0,0.0,0.8640000000000001,0.0,0.8640000000000001,0.5234078289277411
0.0,2.1694215220751922,0.0,0.0,1.3519999999999999,0.0,1.3519999999999999,0.47204149618597097
0.0,1.1087691146786547,0.0,0.0,1.6,0.0,1.6,0.363106608424925
2.5102271148275808,0.0,0.0,0.0,1.553772885172419,0.0,4.064,0.20828102311868602
3.159245023619086,0.0,0.0,0.0,0.5207549763809141,0.0,3.68,0.06980645647110001
1.8836156071135313,0.0,0.0,0.0,0.0763843928864687,0.0,1.96,0.0102392181331752
2.0,0.0,0.0,0.0,0.0,0.0,2.0,0.0
1.32,0.0,0.0,0.0,0.0,0.0,1.32,0.0
0.784,0.0,0.0,0.0,0.0,0.0,0.784,0.0
0.696,0.0,0.0,0.0,0.0,0.0,0.696,0.0
0.6559999999999999,0.0,0.0,0.0,0.0,0.0,0.6559999999999999,0.0
0.584,0.0,0.0,0.0,0.0,0.0,0.584,0.0
0.43200000000000005,0.0,0.0,0.0,0.0,0.0,0.43200000000000005,0.0
0.5920000000000001,0.0,0.0,0.0,0.0,0.0,0.5920000000000001,0.0
0.38601051859472657,0.0,0.0,0.0,0.20598948140527348,0.0,0.5920000000000001,0.0276125940594059
0.7119695510923131,0.0,0.0,0.0,0.408030448907687,0.0,1.12,0.0546958955025394
0.0,0.933503323975602,0.0,0.0,0.584,0.0,0.584,0.203419140544837
0.0,2.2554150342012447,0.0,0.0,0.584,0.0,0.584,0.38061950625196295
0.0,2.8002146777621157,0.0,0.0,0.672,0.0,0.672,0.465445389395993
0.0,3.578184857101228,0.0,0.0,0.7440000000000001,0.0,0.7440000000000001,0.579382670875505
0.0,2.15644699488815,0.0,0.0,0.848,0.0,0.848,0.402741803498344
0.0,3.3152088029233813,0.0,0.0,0.5920000000000001,0.0,0.5920000000000001,0.523755726964506
0.0,4.281695641469559,0.0,0.0,0.6,0.0,0.6,0.65438428773101
0.0,3.2102022173136957,0.0,0.0,0.72,0.0,0.72,0.526837961131358
0.0,1.6506906964993926,0.0,0.0,1.768,0.0,1.768,0.458270576599882
0.0,1.9086004692592515,0.0,0.0,0.768,0.0,0.768,0.35879444771969293
0.0,0.7388344406568939,0.0,0.0,0.8240000000000001,0.0,0.8240000000000001,0.20949571161361602
1.7652209180891778,0.0,0.0,0.0,0.8907790819108224,0.0,2.656,0.119407656243481
2.8639712368428,0.0,0.0,0.0,0.2320287631572002,0.0,3.096,0.0311031223704114
2.63497253474223,0.0,0.0,0.0,0.06902746525776965,0.0,2.7039999999999997,0.009253032553456109
1.704,0.0,0.0,0.0,0.0,0.0,1.704,0.0
0.784,0.0,0.0,0.0,0.0,0.0,0.784,0.0
0.68,0.0,0.0,0.0,0.0,0.0,0.68,0.0
0.7440000000000001,0.0,0.0,0.0,0.0,0.0,0.7440000000000001,0.0
0.568,0.0,0.0,0.0,0.0,0.0,0.568,0.0
0.624,0.0,0.0,0.0,0.0,0.0,0.624,0.0
0.6,0.0,0.0,0.0,0.0,0.0,0.6,0.0
0.496,0.0,0.0,0.0,0.0,0.0,0.496,0.0
0.47596733337330127,0.0,0.0,0.0,0.1080326666266987,0.0,0.584,0.0144816237623762
0.09507236115774331,0.0,0.0,0.0,0.46492763884225674,0.0,0.56,0.0623228820751847
0.0,0.2857796791929399,0.0,0.0,0.768,0.0,0.768,0.141257652143692
0.0,0.9845280196291355,0.0,0.0,0.8320000000000001,0.0,0.8320000000000001,0.243502971420519
0.0,1.7228493437331043,0.0,0.0,0.9359999999999999,0.0,0.9359999999999999,0.356414934844049
0.0,2.5598587621492896,0.0,0.0,0.8079999999999999,0.0,0.8079999999999999,0.45145662882503296
0.0,2.884019093006776,0.0,0.0,0.8959999999999999,0.0,0.8959999999999999,0.506706129069985
0.0,3.108575001158774,0.0,0.0,0.816,0.0,0.816,0.526083640889808
0.0,3.41598454545888,0.0,0.0,0.68,0.0,0.68,0.5490608440575491
0.0,3.207705242820924,0.0,0.0,0.752,0.0,0.752,0.5307927993167729
0.0,2.850699617623753,0.0,0.0,0.672,0.0,0.672,0.47221282305815293
0.0,2.0872122627694236,0.0,0.0,0.632,0.0,0.632,0.364506497423943
0.0,0.9044592653001382,0.0,0.0,1.064,0.0,1.064,0.263869136639409
1.677093761254096,0.0,0.0,0.0,1.0909062387459043,0.0,2.7680000000000002,0.146234414116025
1.9680541377014882,0.0,0.0,0.0,0.38394586229851174,0.0,2.352,0.0514673912673191
1.9722356419515414,0.0,0.0,0.0,0.06776435804845866,0.0,2.04,0.00908371484661848
1.864,0.0,0.0,0.0,0.0,0.0,1.864,0.0
1.52,0.0,0.0,0.0,0.0,0.0,1.52,0.0
2.144,0.0,0.0,0.0,0.0,0.0,2.144,0.0
0.888,0.0,0.0,0.0,0.0,0.0,0.888,0.0
0.7440000000000001,0.0,0.0,0.0,0.0,0.0,0.7440000000000001,0.0
0.6559999999999999,0.0,0.0,0.0,0.0,0.0,0.6559999999999999,0.0
0.488,0.0,0.0,0.0,0.0,0.0,0.488,0.0
0.568,0.0,0.0,0.0,0.0,0.0,0.568,0.0
0.8151061204121366,0.0,0.0,0.0,0.11289387958786332,0.0,0.9279999999999999,0.0151332623762376
0.566685474547252,0.0,0.0,0.0,0.48131452545274794,0.0,1.048,0.0645195206840405
0.0,0.2377266838387414,0.0,0.0,0.888,0.0,0.888,0.15090204475792499
0.0,1.1435797344259835,0.0,0.0,0.84,0.0,0.84,0.265896013803774
0.0,1.9085900361305872,0.0,0.0,0.7120000000000001,0.0,0.7120000000000001,0.351286329622971
0.0,2.360928497625202,0.0,0.0,0.8320000000000001,0.0,0.8320000000000001,0.42800747816910795
0.0,2.0182451605891085,0.0,0.0,1.584,0.0,1.584,0.482875788818118
0.0,1.7363746933445374,0.0,0.0,2.1519999999999997,0.0,2.1519999999999997,0.521231041632405
0.0,2.9717459040633374,0.0,0.0,0.8640000000000001,0.0,0.8640000000000001,0.514176228035391
0.0,2.0329889718983556,0.0,0.0,1.568,0.0,1.568,0.48270739852875394
0.0,2.3919848836150024,0.0,0.0,0.904,0.0,0.904,0.441822038660996
0.0,1.6870771915694576,0.0,0.0,1.008,0.0,1.008,0.36127122580185295
0.0,0.8762524620605527,0.0,0.0,1.0959999999999999,0.0,1.0959999999999999,0.264377609215864
0.0,0.2736117887326579,0.0,0.0,0.9279999999999999,0.0,0.9279999999999999,0.161074334052972
0.7576695691295402,0.0,0.0,0.0,0.41833043087045974,0.0,1.176,0.0560765932877709
2.597563920117928,0.0,0.0,0.0,0.0664360798820716,0.0,2.6639999999999997,0.00890566106660892
2.024,0.0,0.0,0.0,0.0,0.0,2.024,0.0
1.376,0.0,0.0,0.0,0.0,0.0,1.376,0.0
1.16,0.0,0.0,0.0,0.0,0.0,1.16,0.0
0.648,0.0,0.0,0.0,0.0,0.0,0.648,0.0
0.616,0.0,0.0,0.0,0.0,0.0,0.616,0.0
0.728,0.0,0.0,0.0,0.0,0.0,0.728,0.0
0.688,0.0,0.0,0.0,0.0,0.0,0.688,0.0
0.536,0.0,0.0,0.0,0.0,0.0,0.536,0.0
0.3614365093238403,0.0,0.0,0.0,0.17456349067615973,0.0,0.536,0.0233999851485149
0.11205895111507913,0.0,0.0,0.0,0.5679410488849209,0.0,0.68,0.0761316817030981
0.0,0.48671151362311305,0.0,0.0,0.784,0.0,0.784,0.17033705290638196
0.0,1.2019310213341257,0.0,0.0,0.968,0.0,0.968,0.29087613610292495
0.0,1.7410437957419862,0.0,0.0,1.28,0.0,1.28,0.40496658080995895
0.0,2.4554197219532163,0.0,0.0,1.304,0.0,1.304,0.50394481297316
0.0,2.6784711073050143,0.0,0.0,1.456,0.0,1.456,0.5542199123835121
0.0,2.5750343212017714,0.0,0.0,1.824,0.0,1.824,0.589684231136809
0.0,2.973163475948168,0.0,0.0,1.416,0.0,1.416,0.588361058510947
0.0,2.4604694993458236,0.0,0.0,1.6480000000000001,0.0,1.6480000000000001,0.550734434190301
0.0,2.6932840053271856,0.0,0.0,0.96,0.0,0.96,0.48971747263322896
0.0,1.9150435230104805,0.0,0.0,1.056,0.0,1.056,0.39826411608032397
0.0,1.2272863849342066,0.0,0.0,1.016,0.0,1.016,0.30070931721174105
0.0,0.35635961029687857,0.0,0.0,0.9520000000000001,0.0,0.9520000000000001,0.175383726180522
2.0319788528093077,0.0,0.0,0.0,0.4640211471906922,0.0,2.496,0.0622013681715517
2.4172578368396263,0.0,0.0,0.0,0.06274216316037394,0.0,2.48,0.00841049683671889
2.256,0.0,0.0,0.0,0.0,0.0,2.256,0.0
2.08,0.0,0.0,0.0,0.0,0.0,2.08,0.0
1.632,0.0,0.0,0.0,0.0,0.0,1.632,0.0
0.696,0.0,0.0,0.0,0.0,0.0,0.696,0.0
0.56,0.0,0.0,0.0,0.0,0.0,0.56,0.0
0.7440000000000001,0.0,0.0,0.0,0.0,0.0,0.7440000000000001,0.0
0.624,0.0,0.0,0.0,0.0,0.0,0.624,0.0
0.624,0.0,0.0,0.0,0.0,0.0,0.624,0.0
0.5338726204096333,0.0,0.0,0.0,0.10612737959036662,0.0,0.64,0.0142262227722772
0.12875888901883348,0.0,0.0,0.0,0.3512411109811665,0.0,0.48,0.0470833663366337
0.11384271741877083,0.0,0.0,0.0,0.6941572825812291,0.0,0.8079999999999999,0.09305078650877699
0.0,0.34940237910745675,0.0,0.0,0.792,0.0,0.792,0.153003349189108
0.0,0.4884898606684718,0.0,0.0,0.792,0.0,0.792,0.171647826280311
0.0,0.3731079351888851,0.0,0.0,1.1840000000000002,0.0,1.1840000000000002,0.20872808178228502
0.14306582304015203,0.0,0.0,0.0,1.704934176959848,0.0,1.848,0.22854397712559302
0.0,0.7247779701958574,0.0,0.0,1.3359999999999999,0.0,1.3359999999999999,0.27624432640630897
0.0,3.1526941054279307,0.0,0.0,1.24,0.0,1.24,0.5888343343206329
0.0,3.901483653396698,0.0,0.0,0.648,0.0,0.648,0.609851747983137
0.0,3.365348199870772,0.0,0.0,0.664,0.0,0.664,0.5401283376607461
0.0,2.248349652664302,0.0,0.0,0.904,0.0,0.904,0.42256794229736894
0.0,0.19907697680553915,0.0,0.0,1.848,0.0,1.848,0.274407727925083
2.1198490341380585,0.0,0.0,0.0,1.3521509658619415,0.0,3.472,0.18125389448367998
0.9922499689035424,0.0,0.0,0.0,0.3997500310964575,0.0,1.392,0.0535859173905313
2.4515836412232246,0.0,0.0,0.0,0.04441635877677527,0.0,2.496,0.00595394908581302
2.3680000000000003,0.0,0.0,0.0,0.0,0.0,2.3680000000000003,0.0
1.216,0.0,0.0,0.0,0.0,0.0,1.216,0.0
1.088,0.0,0.0,0.0,0.0,0.0,1.088,0.0
0.784,0.0,0.0,0.0,0.0,0.0,0.784,0.0
0.7120000000000001,0.0,0.0,0.0,0.0,0.0,0.7120000000000001,0.0
0.68,0.0,0.0,0.0,0.0,0.0,0.68,0.0
0.552,0.0,0.0,0.0,0.0,0.0,0.552,0.0
0.56,0.0,0.0,0.0,0.0,0.0,0.56,0.0
0.5601546574369471,0.0,0.0,0.0,0.07984534256305281,0.0,0.64,0.0107031534653465
0.06003797364297858,0.0,0.0,0.0,0.5479620263570214,0.0,0.608,0.0734535224349497
0.0,0.018951626370583896,0.0,0.0,0.856,0.0,0.856,0.11728600856591802
0.0,0.11407759920598126,0.0,0.0,0.76,0.0,0.76,0.11716884648012402
0.0,0.49616090911762023,0.0,0.0,0.736,0.0,0.736,0.165169399753935
0.0,0.3636691522144224,0.0,0.0,0.8959999999999999,0.0,0.8959999999999999,0.168856840222922
0.0,0.5743545016949545,0.0,0.0,1.048,0.0,1.048,0.21747429028968698
0.0,0.523065145416459,0.0,0.0,0.8640000000000001,0.0,0.8640000000000001,0.18593409009550999
0.0,1.477833933209191,0.0,0.0,0.8640000000000001,0.0,0.8640000000000001,0.31391947448532104
0.0,1.4264062267138056,0.0,0.0,0.664,0.0,0.664,0.28021595162880497
0.0016388971894648607,0.0,0.0,0.0,0.8383611028105351,0.0,0.84,0.11238110144836999
0.6015745705221712,0.0,0.0,0.0,0.7104254294778286,0.0,1.3119999999999998,0.0952315082295662
1.702418488126282,0.0,0.0,0.0,1.1375815118737178,0.0,2.84,0.152491167425455
2.5022267973467147,0.0,0.0,0.0,0.41777320265328516,0.0,2.92,0.0560018976457686
2.5981112043945673,0.0,0.0,0.0,0.2418887956054326,0.0,2.84,0.032424845555247
1.96,0.0,0.0,0.0,0.0,0.0,1.96,0.0
1.3119999999999998,0.0,0.0,0.0,0.0,0.0,1.3119999999999998,0.0
1.128,0.0,0.0,0.0,0.0,0.0,1.128,0.0
0.9359999999999999,0.0,0.0,0.0,0.0,0.0,0.9359999999999999,0.0
0.5920000000000001,0.0,0.0,0.0,0.0,0.0,0.5920000000000001,0.0
0.64,0.0,0.0,0.0,0.0,0.0,0.64,0.0
0.616,0.0,0.0,0.0,0.0,0.0,0.616,0.0
0.7440000000000001,0.0,0.0,0.0,0.0,0.0,0.7440000000000001,0.0
0.888,0.0,0.0,0.0,0.0,0.0,0.888,0.0
0.6020390000466005,0.0,0.0,0.0,0.1259609999533995,0.0,0.728,0.0168848910891089
0.308916287068654,0.0,0.0,0.0,0.307083712931346,0.0,0.616,0.0411641305642479
0.01200228584533869,0.0,0.0,0.0,0.8039977141546613,0.0,0.816,0.107774738565241
0.0,0.8826399950962625,0.0,0.0,0.752,0.0,0.752,0.219121143030883
0.0,1.890308159914511,0.0,0.0,0.8079999999999999,0.0,0.8079999999999999,0.361704332466922
0.0,2.5222559561449134,0.0,0.0,1.048,0.0,1.048,0.47858768191782897
0.0,3.281650835467949,0.0,0.0,1.28,0.0,1.28,0.6114827412605041
0.0,2.3793427166036167,0.0,0.0,0.696,0.0,0.696,0.412245273146031
0.0,2.701883503596814,0.0,0.0,0.5760000000000001,0.0,0.5760000000000001,0.43939557467386703
0.0,2.0868149477818787,0.0,0.0,0.8640000000000001,0.0,0.8640000000000001,0.395552504631152
0.0,1.415237513377234,0.0,0.0,1.1520000000000001,0.0,1.1520000000000001,0.344134500593725
0.0,0.36707045046739917,0.0,0.0,1.504,0.0,1.504,0.250814305919134
1.6288600296751141,0.0,0.0,0.0,1.3471399703248863,0.0,2.9760000000000004,0.18058217773069699
2.9800182112301883,0.0,0.0,0.0,1.1879817887698116,0.0,4.168,0.15924725213871
1.2433036952748409,0.0,0.0,0.0,0.44469630472515936,0.0,1.6880000000000002,0.0596109008009733
2.624775340331637,0.0,0.0,0.0,0.05522465966836321,0.0,2.68,0.0074027862932049705
1.808,0.0,0.0,0.0,0.0,0.0,1.808,0.0
1.288,0.0,0.0,0.0,0.0,0.0,1.288,0.0
0.7440000000000001,0.0,0.0,0.0,0.0,0.0,0.7440000000000001,0.0
0.664,0.0,0.0,0.0,0.0,0.0,0.664,0.0
0.64,0.0,0.0,0.0,0.0,0.0,0.64,0.0
0.688,0.0,0.0,0.0,0.0,0.0,0.688,0.0
0.536,0.0,0.0,0.0,0.0,0.0,0.536,0.0
0.496,0.0,0.0,0.0,0.0,0.0,0.496,0.0
0.6061999074169524,0.0,0.0,0.0,0.025800092583047583,0.0,0.632,0.00345846534653465
0.7633043778330935,0.0,0.0,0.0,0.19669562216690648,0.0,0.96,0.0263667655799925
0.3859310319701936,0.0,0.0,0.0,0.8300689680298063,0.0,1.216,0.11126955269343301
0.0,0.24063767894183252,0.0,0.0,0.9279999999999999,0.0,0.9279999999999999,0.156654202005875
0.0,1.8705578644285534,0.0,0.0,0.872,0.0,0.872,0.36763594178823
0.0,1.9172297286573325,0.0,0.0,1.1440000000000001,0.0,1.1440000000000001,0.4103534473864461
0.0,2.40973308413216,0.0,0.0,0.8959999999999999,0.0,0.8959999999999999,0.44312877093612796
0.0,2.0864157601398725,0.0,0.0,0.88,0.0,0.88,0.397643771115729
0.0,1.0415378016538066,0.0,0.0,0.8959999999999999,0.0,0.8959999999999999,0.259724158859165
0.0,0.1430720693150036,0.0,0.0,1.168,0.0,1.168,0.175747327415203
0.30645185017364907,0.0,0.0,0.0,1.4215481498263511,0.0,1.7280000000000002,0.190556487298626
0.0,0.37195024289258183,0.0,0.0,0.8,0.0,0.8,0.157098246444668
0.0,0.14952849605642715,0.0,0.0,0.784,0.0,0.784,0.125138153796206
1.598165680733672,0.0,0.0,0.0,0.3378343192663281,0.0,1.936,0.0452862051673578
2.1990622927988097,0.0,0.0,0.0,0.20093770720118997,0.0,2.4,0.0269354109846901
2.496,0.0,0.0,0.0,0.0,0.0,2.496,0.0
1.96,0.0,0.0,0.0,0.0,0.0,1.96,0.0
1.16,0.0,0.0,0.0,0.0,0.0,1.16,0.0
0.616,0.0,0.0,0.0,0.0,0.0,0.616,0.0
0.52,0.0,0.0,0.0,0.0,0.0,0.52,0.0
0.56,0.0,0.0,0.0,0.0,0.0,0.56,0.0
0.688,0.0,0.0,0.0,0.0,0.0,0.688,0.0
0.648,0.0,0.0,0.0,0.0,0.0,0.648,0.0
0.44799999999999995,0.0,0.0,0.0,0.0,0.0,0.44799999999999995,0.0
0.4363161574620441,0.0,0.0,0.0,0.14768384253795583,0.0,0.584,0.0197968069306931
0.3628177401556133,0.0,0.0,0.0,0.3731822598443867,0.0,0.736,0.0500245458212556
0.0,0.09721264241154048,0.0,0.0,1.088,0.0,1.088,0.158876052047519
0.0,0.9060825631809437,0.0,0.0,1.104,0.0,1.104,0.26944867992460797
0.0,2.3648359561281858,0.0,0.0,1.16,0.0,1.16,0.47249919616562397
0.0,2.5547771168259277,0.0,0.0,0.7440000000000001,0.0,0.7440000000000001,0.44219633351161897
0.0,3.346279239900146,0.0,0.0,1.032,0.0,1.032,0.5869020423049229
0.0,3.249556626798615,0.0,0.0,0.8320000000000001,0.0,0.8320000000000001,0.547126802288182
0.0,2.826444751078777,0.0,0.0,0.8959999999999999,0.0,0.8959999999999999,0.49898837124541207
0.0,1.4679581779881197,0.0,0.0,1.496,0.0,1.496,0.39731433575883096
0.0,2.689233310844654,0.0,0.0,1.04,0.0,1.04,0.49989836792963294
0.0,2.135613345685462,0.0,0.0,0.768,0.0,0.768,0.389225197679601
0.0,1.178074551268514,0.0,0.0,0.9359999999999999,0.0,0.9359999999999999,0.283388656533623
0.9698554958827126,0.0,0.0,0.0,1.0541445041172874,0.0,2.024,0.14130655640069598
1.6879004777143798,0.0,0.0,0.0,0.40009952228562035,0.0,2.088,0.0536327661823621
1.161724111522212,0.0,0.0,0.0,0.062275888477787804,0.0,1.224,0.008347993385364991
2.024,0.0,0.0,0.0,0.0,0.0,2.024,0.0
1.288,0.0,0.0,0.0,0.0,0.0,1.288,0.0
0.8959999999999999,0.0,0.0,0.0,0.0,0.0,0.8959999999999999,0.0
0.68,0.0,0.0,0.0,0.0,0.0,0.68,0.0
0.584,0.0,0.0,0.0,0.0,0.0,0.584,0.0
0.568,0.0,0.0,0.0,0.0,0.0,0.568,0.0
0.6,0.0,0.0,0.0,0.0,0.0,0.6,0.0
0.7440000000000001,0.0,0.0,0.0,0.0,0.0,0.7440000000000001,0.0
0.4703807037723752,0.0,0.0,0.0,0.1856192962276247,0.0,0.6559999999999999,0.024881999999999998
0.0,0.005501950471764161,0.0,0.0,0.616,0.0,0.616,0.0833114436156179
0.0,0.7843429925173029,0.0,0.0,0.752,0.0,0.752,0.20594457104792302
0.0,2.002141415488029,0.0,0.0,0.856,0.0,0.856,0.383129750761275
0.0,2.6264301517461948,0.0,0.0,0.872,0.0,0.872,0.46895953602260204
0.0,3.2982609551289315,0.0,0.0,0.816,0.0,0.816,0.551510770518064
0.0,3.049149201685923,0.0,0.0,0.968,0.0,0.968,0.538493079479058
0.0,2.309998807333372,0.0,0.0,1.344,0.0,1.344,0.48981329081527897
0.0,2.864314810178941,0.0,0.0,0.608,0.0,0.608,0.46545881200261896
0.0,2.282128798182505,0.0,0.0,0.816,0.0,0.816,0.41529971464736404
0.0,2.044239573690159,0.0,0.0,0.976,0.0,0.976,0.404858775999251
0.0,1.7455641937970403,0.0,0.0,1.176,0.0,1.176,0.391631483080902
0.4409696823357945,0.0,0.0,0.0,1.5990303176642056,0.0,2.04,0.21434771692771598
0.735287682998676,0.0,0.0,0.0,0.8807123170013239,0.0,1.6159999999999999,0.118058220869203
1.3342752541227094,0.0,0.0,0.0,0.21772474587729032,0.0,1.5519999999999998,0.0291856894030853
1.4380343230462538,0.0,0.0,0.0,0.07396567695374595,0.0,1.5119999999999998,0.0099149927371032
1.992,0.0,0.0,0.0,0.0,0.0,1.992,0.0
2.248,0.0,0.0,0.0,0.0,0.0,2.248,0.0
1.432,0.0,0.0,0.0,0.0,0.0,1.432,0.0
0.856,0.0,0.0,0.0,0.0,0.0,0.856,0.0
0.8079999999999999,0.0,0.0,0.0,0.0,0.0,0.8079999999999999,0.0
0.6559999999999999,0.0,0.0,0.0,0.0,0.0,0.6559999999999999,0.0
0.6,0.0,0.0,0.0,0.0,0.0,0.6,0.0
0.56,0.0,0.0,0.0,0.0,0.0,0.56,0.0
0.41478637043001254,0.0,0.0,0.0,0.1612136295699875,0.0,0.5760000000000001,0.0216104554455446
0.025465707780352287,0.0,0.0,0.0,0.6305342922196476,0.0,0.6559999999999999,0.0845222160511261
0.0,0.733677132730076,0.0,0.0,0.768,0.0,0.768,0.20129766234416396
0.0,1.2775797917914384,0.0,0.0,0.72,0.0,0.72,0.267772701381234
0.0,2.737270709634668,0.0,0.0,0.904,0.0,0.904,0.488107107603859
0.0,1.9203705650218619,0.0,0.0,1.464,0.0,1.464,0.453670012279367
0.0,1.7625172470578918,0.0,0.0,1.1440000000000001,0.0,1.1440000000000001,0.389614461486852
0.0,0.6357772055085389,0.0,0.0,0.752,0.0,0.752,0.186029540727913
0.0,0.7360618626465056,0.0,0.0,0.76,0.0,0.76,0.200544943456317
0.0,1.0665809006783373,0.0,0.0,0.696,0.0,0.696,0.236271437625198
0.0,0.21479686519283359,0.0,0.0,0.64,0.0,0.64,0.11458429178422198
0.0,1.1865941463876557,0.0,0.0,1.1840000000000002,0.0,1.1840000000000002,0.31777473974518394
0.0,0.8195963005364175,0.0,0.0,1.232,0.0,1.232,0.27501353677878004
0.34244641963023126,0.0,0.0,0.0,1.2815535803697689,0.0,1.624,0.171790416378138
1.8797688659384897,0.0,0.0,0.0,0.35223113406151013,0.0,2.2319999999999998,0.0472160775082939
1.4089169098548793,0.0,0.0,0.0,0.03908309014512086,0.0,1.4480000000000002,0.00523903208747416
1.192,0.0,0.0,0.0,0.0,0.0,1.192,0.0
1.016,0.0,0.0,0.0,0.0,0.0,1.016,0.0
1.024,0.0,0.0,0.0,0.0,0.0,1.024,0.0
0.9520000000000001,0.0,0.0,0.0,0.0,0.0,0.9520000000000001,0.0
1.04,0.0,0.0,0.0,0.0,0.0,1.04,0.0
1.232,0.0,0.0,0.0,0.0,0.0,1.232,0.0
0.92,0.0,0.0,0.0,0.0,0.0,0.92,0.0
0.736,0.0,0.0,0.0,0.0,0.0,0.736,0.0
0.5895509260037832,0.0,0.0,0.0,0.2104490739962168,0.0,0.8,0.028210396039604
0.6119027341391675,0.0,0.0,0.0,0.6360972658608325,0.0,1.248,0.08526792467599999
0.0,0.6572042081131064,0.0,0.0,0.792,0.0,0.792,0.19426374218147602
0.0,1.8432678769564161,0.0,0.0,0.8640000000000001,0.0,0.8640000000000001,0.362905369664926
0.0,3.0668129241995787,0.0,0.0,0.7759999999999999,0.0,0.7759999999999999,0.515123551932225
0.0,3.7988153889551635,0.0,0.0,0.888,0.0,0.888,0.62826086984499
0.0,4.117687393001343,0.0,0.0,1.088,0.0,1.088,0.697814916579683
0.0,3.4457767535556902,0.0,0.0,2.008,0.0,2.008,0.731070938958646
0.0,3.5869406871611123,0.0,0.0,1.84,0.0,1.84,0.7274736028109481
0.0,4.442022444295686,0.0,0.0,0.76,0.0,0.76,0.697323635470728
0.0,3.695950016778392,0.0,0.0,0.968,0.0,0.968,0.6251957995529189
0.0,2.869973124199049,0.0,0.0,0.9840000000000001,0.0,0.9840000000000001,0.516619560709493
0.0,0.8054484394793435,0.0,0.0,1.9680000000000002,0.0,1.9680000000000002,0.371776778996616
2.0026260020881415,0.0,0.0,0.0,1.5333739979118586,0.0,3.536,0.205546581586299
1.0348444491976578,0.0,0.0,0.0,0.4691555508023423,0.0,1.504,0.062889627599647
1.6441172965645343,0.0,0.0,0.0,0.0598827034354657,0.0,1.704,0.00802719036847371
1.4880000000000002,0.0,0.0,0.0,0.0,0.0,1.4880000000000002,0.0
1.072,0.0,0.0,0.0,0.0,0.0,1.072,0.0
0.96,0.0,0.0,0.0,0.0,0.0,0.96,0.0
0.696,0.0,0.0,0.0,0.0,0.0,0.696,0.0
0.848,0.0,0.0,0.0,0.0,0.0,0.848,0.0
0.8,0.0,0.0,0.0,0.0,0.0,0.8,0.0
0.696,0.0,0.0,0.0,0.0,0.0,0.696,0.0
0.632,0.0,0.0,0.0,0.0,0.0,0.632,0.0
0.40819225933318,0.0,0.0,0.0,0.19980774066682,0.0,0.608,0.0267839405940594
0.0,0.05714419435327034,0.0,0.0,0.584,0.0,0.584,0.08594445819003099
0.0,0.69150667095339,0.0,0.0,0.7440000000000001,0.0,0.7440000000000001,0.192427607002997
0.0,1.804981554910915,0.0,0.0,0.8,0.0,0.8,0.349194035138503
0.0,3.019424662812045,0.0,0.0,0.664,0.0,0.664,0.49375778446922797
0.0,2.6276424972164447,0.0,0.0,1.8159999999999998,0.0,1.8159999999999998,0.595663893047799
0.0,3.6695876971580326,0.0,0.0,1.288,0.0,1.288,0.664557508770082
0.0,3.3381226487930435,0.0,0.0,1.808,0.0,1.808,0.689830348188833
0.0,3.8179838809069113,0.0,0.0,1.3119999999999998,0.0,1.3119999999999998,0.687666969538532
0.0,4.164073972829055,0.0,0.0,0.7440000000000001,0.0,0.7440000000000001,0.657920265154834
0.0,3.8017941553721886,0.0,0.0,0.5920000000000001,0.0,0.5920000000000001,0.588981794435337
0.0,3.051522802910502,0.0,0.0,0.5760000000000001,0.0,0.5760000000000001,0.4862642204576261
0.0,1.6263621545493998,0.0,0.0,1.0,0.0,1.0,0.35206007380483
1.4683936792658827,0.0,0.0,0.0,1.4916063207341173,0.0,2.96,0.19994768446376
0.955422822498017,0.0,0.0,0.0,0.47657717750198286,0.0,1.432,0.0638844859968796
1.2653130268661674,0.0,0.0,0.0,0.07068697313383245,0.0,1.3359999999999999,0.00947548720020554
1.208,0.0,0.0,0.0,0.0,0.0,1.208,0.0
0.9279999999999999,0.0,0.0,0.0,0.0,0.0,0.9279999999999999,0.0
0.68,0.0,0.0,0.0,0.0,0.0,0.68,0.0
0.536,0.0,0.0,0.0,0.0,0.0,0.536,0.0
0.568,0.0,0.0,0.0,0.0,0.0,0.568,0.0
0.608,0.0,0.0,0.0,0.0,0.0,0.608,0.0
0.696,0.0,0.0,0.0,0.0,0.0,0.696,0.0
0.7040000000000001,0.0,0.0,0.0,0.0,0.0,0.7040000000000001,0.0
0.38891698153589604,0.0,0.0,0.0,0.147083018464104,0.0,0.536,0.0197162673267327
0.4052920329510009,0.0,0.0,0.0,0.5067079670489991,0.0,0.912,0.0679234750499869
0.12323587671614855,0.0,0.0,0.0,1.1967641232838515,0.0,1.32,0.16042451146367998
0.0,0.6472201268244129,0.0,0.0,1.696,0.0,1.696,0.314105291748046
0.0,2.0554829054375334,0.0,0.0,1.328,0.0,1.328,0.453551022787293
0.0,3.188552066436616,0.0,0.0,0.976,0.0,0.976,0.5582522217410191
0.0,3.7757943402574927,0.0,0.0,0.904,0.0,0.904,0.627319708353454
0.0,4.017201127871897,0.0,0.0,0.8959999999999999,0.0,0.8959999999999999,0.6586075529226939
0.0,4.2707235096651175,0.0,0.0,0.6559999999999999,0.0,0.6559999999999999,0.660420208775921
0.0,3.8260904795062185,0.0,0.0,0.848,0.0,0.848,0.62655511401387
0.0,3.3490480554641664,0.0,0.0,0.848,0.0,0.848,0.562608262386664
0.0,2.3972000070550825,0.0,0.0,1.056,0.0,1.056,0.46289650010405103
0.0,0.9566844592605679,0.0,0.0,1.544,0.0,1.544,0.335213159299013
1.7526454550715844,0.0,0.0,0.0,1.3913545449284153,0.0,3.1439999999999997,0.186509077937968
1.5557231795937512,0.0,0.0,0.0,0.3962768204062488,0.0,1.952,0.0531203384870977
1.5133936507305918,0.0,0.0,0.0,0.07060634926940834,0.0,1.584,0.00946467968700314
1.96,0.0,0.0,0.0,0.0,0.0,1.96,0.0
1.3119999999999998,0.0,0.0,0.0,0.0,0.0,1.3119999999999998,0.0
0.9359999999999999,0.0,0.0,0.0,0.0,0.0,0.9359999999999999,0.0
0.68,0.0,0.0,0.0,0.0,0.0,0.68,0.0
0.648,0.0,0.0,0.0,0.0,0.0,0.648,0.0
0.72,0.0,0.0,0.0,0.0,0.0,0.72,0.0
0.68,0.0,0.0,0.0,0.0,0.0,0.68,0.0
0.44799999999999995,0.0,0.0,0.0,0.0,0.0,0.44799999999999995,0.0
0.5280143981659009,0.0,0.0,0.0,0.04798560183409914,0.0,0.5760000000000001,0.00643240099009901
0.331774203900831,0.0,0.0,0.0,0.6202257960991691,0.0,0.9520000000000001,0.0831403769552855
0.0,0.607660622598029,0.0,0.0,0.752,0.0,0.752,0.18226055318083498
0.0,0.6914950531907582,0.0,0.0,1.464,0.0,1.464,0.288941015311912
0.0,2.204440943313028,0.0,0.0,0.912,0.0,0.912,0.41775443139501794
0.0,2.84924098279214,0.0,0.0,0.696,0.0,0.696,0.47523446067621605
0.0,3.302808581541756,0.0,0.0,0.912,0.0,0.912,0.5649890353927239
0.0,3.220273593167737,0.0,0.0,1.04,0.0,1.04,0.571083554886486
0.0,3.086119749443137,0.0,0.0,0.976,0.0,0.976,0.544521316801555
0.0,3.548597300122381,0.0,0.0,0.888,0.0,0.888,0.594719494498418
0.0,3.601501168145702,0.0,0.0,0.608,0.0,0.608,0.5642775842515739
0.0,2.7161271731507997,0.0,0.0,0.76,0.0,0.76,0.465969853782184
0.0,1.1592585712719141,0.0,0.0,1.456,0.0,1.456,0.35057165441780896
1.4040104385069292,0.0,0.0,0.0,1.4759895614930707,0.0,2.88,0.19785428032241895
2.09882440407284,0.0,0.0,0.0,0.4371755959271598,0.0,2.536,0.0586027605907963
1.6329008821345126,0.0,0.0,0.0,0.047099117865487296,0.0,1.68,0.0063135690876229295
1.024,0.0,0.0,0.0,0.0,0.0,1.024,0.0
0.992,0.0,0.0,0.0,0.0,0.0,0.992,0.0
0.88,0.0,0.0,0.0,0.0,0.0,0.88,0.0
0.7120000000000001,0.0,0.0,0.0,0.0,0.0,0.7120000000000001,0.0
0.632,0.0,0.0,0.0,0.0,0.0,0.632,0.0
0.52,0.0,0.0,0.0,0.0,0.0,0.52,0.0
0.5920000000000001,0.0,0.0,0.0,0.0,0.0,0.5920000000000001,0.0
0.5760000000000001,0.0,0.0,0.0,0.0,0.0,0.5760000000000001,0.0
0.6716770370549145,0.0,0.0,0.0,0.04832296294508545,0.0,0.72,0.0064776237623762395
0.7595471370390504,0.0,0.0,0.0,0.5364528629609496,0.0,1.296,0.0719107356156856
0.0,0.7160668298186053,0.0,0.0,0.544,0.0,0.544,0.168910148334462
0.0,1.6103229427242216,0.0,0.0,0.728,0.0,0.728,0.313448831254674
0.0,2.3855273660140397,0.0,0.0,0.9440000000000001,0.0,0.9440000000000001,0.44631836023970395
0.0,3.2172071154844155,0.0,0.0,0.7120000000000001,0.0,0.7120000000000001,0.526704569160699
0.0,3.32151214292794,0.0,0.0,0.992,0.0,0.992,0.578220105999733
0.0,3.9772605527877007,0.0,0.0,0.5920000000000001,0.0,0.5920000000000001,0.612502812935153
0.0,4.002895758647851,0.0,0.0,0.616,0.0,0.616,0.6191563409751351
0.0,3.7207866684772295,0.0,0.0,0.688,0.0,0.688,0.5909915192789339
0.0,3.043613769846022,0.0,0.0,0.7759999999999999,0.0,0.7759999999999999,0.512013738618865
0.0,2.633882009569441,0.0,0.0,0.728,0.0,0.728,0.450655453727863
0.0,1.7721589997748692,0.0,0.0,0.616,0.0,0.616,0.320129283108201
0.0,0.07335309736460571,0.0,0.0,1.256,0.0,1.256,0.178197872962862
1.1052039639730553,0.0,0.0,0.0,0.43079603602694466,0.0,1.536,0.0577475897510012
2.5255954977981614,0.0,0.0,0.0,0.06640450220183883,0.0,2.592,0.008901428123937979
2.512,0.0,0.0,0.0,0.0,0.0,2.512,0.0
1.6880000000000002,0.0,0.0,0.0,0.0,0.0,1.6880000000000002,0.0
0.872,0.0,0.0,0.0,0.0,0.0,0.872,0.0
0.768,0.0,0.0,0.0,0.0,0.0,0.768,0.0
0.84,0.0,0.0,0.0,0.0,0.0,0.84,0.0
0.5760000000000001,0.0,0.0,0.0,0.0,0.0,0.5760000000000001,0.0
0.504,0.0,0.0,0.0,0.0,0.0,0.504,0.0
0.5760000000000001,0.0,0.0,0.0,0.0,0.0,0.5760000000000001,0.0
0.6688981018677979,0.0,0.0,0.0,0.04310189813220224,0.0,0.7120000000000001,0.00577774752475248
0.33563146786715714,0.0,0.0,0.0,0.5763685321328429,0.0,0.912,0.0772613737256217
0.0,0.6385033145148302,0.0,0.0,0.8,0.0,0.8,0.192829302767452
0.0,1.8159256497792897,0.0,0.0,0.728,0.0,0.728,0.34100957876807203
0.0,2.7580625854642515,0.0,0.0,0.7440000000000001,0.0,0.7440000000000001,0.46944645854418005
0.0,3.3224061344952895,0.0,0.0,1.064,0.0,1.064,0.587991440850365
0.0,1.8287572065259443,0.0,0.0,3.008,0.0,3.008,0.648360355085043
0.0,1.8714015819362075,0.0,0.0,1.848,0.0,1.848,0.49858043879364505
0.0,2.9184493009558556,0.0,0.0,0.752,0.0,0.752,0.492018455852715
0.0,2.6561340626775807,0.0,0.0,0.84,0.0,0.84,0.46865174858149894
0.0,2.3915798961022716,0.0,0.0,0.8240000000000001,0.0,0.8240000000000001,0.43104386559412705
0.0,1.7836075304111327,0.0,0.0,1.032,0.0,1.032,0.37742814457058294
0.0,0.6172295900199651,0.0,0.0,1.344,0.0,1.344,0.2629000090542
1.6989582750770904,0.0,0.0,0.0,1.0610417249229094,0.0,2.76,0.142231118941193
1.8573899693358784,0.0,0.0,0.0,0.2786100306641217,0.0,2.136,0.0373472743614086
1.7661027562784959,0.0,0.0,0.0,0.06589724372150385,0.0,1.8319999999999999,0.00883343085337287
2.464,0.0,0.0,0.0,0.0,0.0,2.464,0.0
1.912,0.0,0.0,0.0,0.0,0.0,1.912,0.0
1.5759999999999998,0.0,0.0,0.0,0.0,0.0,1.5759999999999998,0.0
0.856,0.0,0.0,0.0,0.0,0.0,0.856,0.0
0.672,0.0,0.0,0.0,0.0,0.0,0.672,0.0
0.552,0.0,0.0,0.0,0.0,0.0,0.552,0.0
0.608,0.0,0.0,0.0,0.0,0.0,0.608,0.0
0.5760000000000001,0.0,0.0,0.0,0.0,0.0,0.5760000000000001,0.0
0.56,0.0,0.0,0.0,0.0,0.0,0.56,0.0
0.05019835808618767,0.0,0.0,0.0,0.4938016419138124,0.0,0.544,0.0661934007067467
0.0,0.41443850047746345,0.0,0.0,0.904,0.0,0.904,0.17673478692997002
0.0,0.7856472736092976,0.0,0.0,1.1520000000000001,0.0,1.1520000000000001,0.259738833417532
0.0,1.0072032011350667,0.0,0.0,1.4240000000000002,0.0,1.4240000000000002,0.325899296463553
0.0,1.622910447303843,0.0,0.0,1.392,0.0,1.392,0.404144414262949
0.0,2.28798372216977,0.0,0.0,1.2,0.0,1.2,0.467559207145146
0.0,2.281663884922504,0.0,0.0,0.968,0.0,0.968,0.43561277533067205
0.0,2.694270812573077,0.0,0.0,0.7440000000000001,0.0,0.7440000000000001,0.460895263030909
0.0,3.109364741163329,0.0,0.0,0.816,0.0,0.816,0.5261895044028839
0.0,1.9080048195802337,0.0,0.0,1.208,0.0,1.208,0.417695969635169
0.0,1.99118907884448,0.0,0.0,1.256,0.0,1.256,0.43528103113120103
0.0,1.0552234827074358,0.0,0.0,1.68,0.0,1.68,0.3666527784550329
1.5059543217281806,0.0,0.0,0.0,1.4780456782718194,0.0,2.984,0.19812989982280801
0.7744720813467961,0.0,0.0,0.0,0.31352791865320395,0.0,1.088,0.0420279670835645
0.9512070120635513,0.0,0.0,0.0,0.04079298793644869,0.0,0.992,0.00546824142997509
1.16,0.0,0.0,0.0,0.0,0.0,1.16,0.0
1.032,0.0,0.0,0.0,0.0,0.0,1.032,0.0
0.8079999999999999,0.0,0.0,0.0,0.0,0.0,0.8079999999999999,0.0
0.624,0.0,0.0,0.0,0.0,0.0,0.624,0.0
0.8,0.0,0.0,0.0,0.0,0.0,0.8,0.0
0.72,0.0,0.0,0.0,0.0,0.0,0.72,0.0
0.6,0.0,0.0,0.0,0.0,0.0,0.6,0.0
0.568,0.0,0.0,0.0,0.0,0.0,0.568,0.0
0.8672160287143525,0.0,0.0,0.0,0.0287839712856474,0.0,0.8959999999999999,0.00385845
1.339176944900632,0.0,0.0,0.0,0.20482305509936796,0.0,1.544,0.0274562362887787
0.506347171089827,0.0,0.0,0.0,0.38965282891017294,0.0,0.8959999999999999,0.0522324019430261
0.0,0.7466616918875739,0.0,0.0,0.696,0.0,0.696,0.19338672728037398
0.0,1.0730704169939824,0.0,0.0,0.856,0.0,0.856,0.258589118109698
0.0,1.7738078501639176,0.0,0.0,0.904,0.0,0.904,0.35895629539544893
0.0,1.6307009567002353,0.0,0.0,1.232,0.0,1.232,0.38374095071056796
0.0,2.0848646324499636,0.0,0.0,0.9359999999999999,0.0,0.9359999999999999,0.404942564228048
0.0,3.2127080390021074,0.0,0.0,0.6559999999999999,0.0,0.6559999999999999,0.518594754870773
0.0,3.006560490502854,0.0,0.0,0.8320000000000001,0.0,0.8320000000000001,0.514553519304194
0.0,2.9462508872557422,0.0,0.0,1.048,0.0,1.048,0.535423593325242
0.0,2.771019706938225,0.0,0.0,1.0959999999999999,0.0,1.0959999999999999,0.518368436383055
0.0,1.5535450650330416,0.0,0.0,1.24,0.0,1.24,0.37447070278142497
1.8695965521485083,0.0,0.0,0.0,1.5544034478514916,0.0,3.424,0.20836554913995398
3.0138472404114296,0.0,0.0,0.0,0.5061527595885705,0.0,3.52,0.0678490502875234
1.8852513085382483,0.0,0.0,0.0,0.050748691461751705,0.0,1.936,0.00680278918525164
1.28,0.0,0.0,0.0,0.0,0.0,1.28,0.0
1.296,0.0,0.0,0.0,0.0,0.0,1.296,0.0
1.128,0.0,0.0,0.0,0.0,0.0,1.128,0.0
0.9279999999999999,0.0,0.0,0.0,0.0,0.0,0.9279999999999999,0.0
0.608,0.0,0.0,0.0,0.0,0.0,0.608,0.0
0.46399999999999997,0.0,0.0,0.0,0.0,0.0,0.46399999999999997,0.0
0.688,0.0,0.0,0.0,0.0,0.0,0.688,0.0
0.72,0.0,0.0,0.0,0.0,0.0,0.72,0.0
0.6631378148269724,0.0,0.0,0.0,0.03286218517302754,0.0,0.696,0.00440512871287129
0.6009133380046944,0.0,0.0,0.0,0.5750866619953056,0.0,1.176,0.07708954087521001
0.0,0.5993862151179813,0.0,0.0,0.648,0.0,0.648,0.167210330150721
0.0,1.1428612569156478,0.0,0.0,0.672,0.0,0.672,0.24327954427323498
0.0,1.4551362773369816,0.0,0.0,0.792,0.0,0.792,0.301225389757606
0.0,1.6141803060728366,0.0,0.0,1.08,0.0,1.08,0.36115099958949
0.0,1.568650564668209,0.0,0.0,1.528,0.0,1.528,0.41510155956839206
0.0,1.8978225379049667,0.0,0.0,1.4240000000000002,0.0,1.4240000000000002,0.44528553910038204
0.0,2.533330175062301,0.0,0.0,0.792,0.0,0.792,0.44575573282227704
0.0,2.9102992396940484,0.0,0.0,0.7040000000000001,0.0,0.7040000000000001,0.484491620805334
0.0,2.3572868444905746,0.0,0.0,0.7120000000000001,0.0,0.7120000000000001,0.41143349218909897
0.0,1.670777340650552,0.0,0.0,0.904,0.0,0.904,0.34514520360805295
0.0,0.43377847582967566,0.0,0.0,1.08,0.0,1.08,0.20291983000196498
0.18329560185486127,0.0,0.0,0.0,0.9767043981451387,0.0,1.16,0.130925821445015
2.208186558606575,0.0,0.0,0.0,0.26381344139342494,0.0,2.472,0.0353638128263428
1.248,0.0,0.0,0.0,0.0,0.0,1.248,0.0
1.416,0.0,0.0,0.0,0.0,0.0,1.416,0.0
1.44,0.0,0.0,0.0,0.0,0.0,1.44,0.0
0.8639999999999981,0.0,0.0,0.0,0.0,0.0,0.8640000000000001,0.0
0.76,0.0,0.0,0.0,0.0,0.0,0.76,0.0
0.624,0.0,0.0,0.0,0.0,0.0,0.624,0.0
0.552,0.0,0.0,0.0,0.0,0.0,0.552,0.0
0.584,0.0,0.0,0.0,0.0,0.0,0.584,0.0
0.552,0.0,0.0,0.0,0.0,0.0,0.552,0.0
0.5545245990849788,0.0,0.0,0.0,0.02947540091502122,0.0,0.584,0.00395113514851485
0.011312532299486255,0.0,0.0,0.0,0.5086874677005138,0.0,0.52,0.0681888242685864
0.0,0.7042955632023944,0.0,0.0,0.512,0.0,0.512,0.163042672926038
0.0,1.1939174889328799,0.0,0.0,0.7120000000000001,0.0,0.7120000000000001,0.25548550136443304
0.0,1.8122143448223065,0.0,0.0,0.688,0.0,0.688,0.335150141133927
0.0,1.902715257998103,0.0,0.0,0.96,0.0,0.96,0.383742867779002
0.0,2.1072656617771135,0.0,0.0,1.064,0.0,1.064,0.42510360614434206
0.0,2.3859884514757255,0.0,0.0,0.76,0.0,0.76,0.421715232416495
0.0,2.5393439196648115,0.0,0.0,0.8640000000000001,0.0,0.8640000000000001,0.45621336321227296
0.0,2.3346442874748217,0.0,0.0,0.848,0.0,0.848,0.42662889457267
0.0,2.04191092342169,0.0,0.0,0.552,0.0,0.552,0.34771003289136
0.0,1.388624702765475,0.0,0.0,0.688,0.0,0.688,0.278368558141967
0.0,0.45389401306012955,0.0,0.0,0.872,0.0,0.872,0.177734187681142
0.4172081060144699,0.0,0.0,0.0,0.7747918939855301,0.0,1.192,0.10385974032843501
1.4122378969958869,0.0,0.0,0.0,0.29976210300411316,0.0,1.712,0.0401826792716732
1.128,0.0,0.0,0.0,0.0,0.0,1.128,0.0
0.9440000000000001,0.0,0.0,0.0,0.0,0.0,0.9440000000000001,0.0
1.1440000000000001,0.0,0.0,0.0,0.0,0.0,1.1440000000000001,0.0
1.16,0.0,0.0,0.0,0.0,0.0,1.16,0.0
0.992,0.0,0.0,0.0,0.0,0.0,0.992,0.0
0.648,0.0,0.0,0.0,0.0,0.0,0.648,0.0
0.6559999999999999,0.0,0.0,0.0,0.0,0.0,0.6559999999999999,0.0
0.56,0.0,0.0,0.0,0.0,0.0,0.56,0.0
0.632,0.0,0.0,0.0,0.0,0.0,0.632,0.0
0.7309561000107451,0.0,0.0,0.0,0.029043899989254933,0.0,0.76,0.0038932930693069295
0.0,0.06423490725409975,0.0,0.0,0.528,0.0,0.528,0.0793882385171086
0.0,0.7749238343424135,0.0,0.0,0.632,0.0,0.632,0.18859611881718802
0.0,1.5629465504008757,0.0,0.0,0.816,0.0,0.816,0.318894367504154
0.0,1.845108075356242,0.0,0.0,1.4080000000000001,0.0,1.4080000000000001,0.436074464110416
0.0,2.9172688906260955,0.0,0.0,1.1520000000000001,0.0,1.1520000000000001,0.5454796489067271
0.0,3.5418502957160216,0.0,0.0,1.272,0.0,1.272,0.6452897165988721
0.0,3.9741475244357667,0.0,0.0,1.416,0.0,1.416,0.722541532204402
0.0,4.364205676385483,0.0,0.0,1.032,0.0,1.032,0.723353618770165
0.0,3.1650096049526155,0.0,0.0,1.7519999999999998,0.0,1.7519999999999998,0.659118073804134
0.0,3.2901339320323126,0.0,0.0,1.0959999999999999,0.0,1.0959999999999999,0.5879549525012471
0.0,2.1451449346147915,0.0,0.0,0.992,0.0,0.992,0.420529771685818
0.0,1.2079373060208907,0.0,0.0,0.7040000000000001,0.0,0.7040000000000001,0.256292449197056
0.0,0.04422988010938922,0.0,0.0,1.0,0.0,1.0,0.139977515295713
1.2028567391528577,0.0,0.0,0.0,0.30914326084714205,0.0,1.5119999999999998,0.041440210003629
2.728,0.0,0.0,0.0,0.0,0.0,2.728,0.0
1.3840000000000001,0.0,0.0,0.0,0.0,0.0,1.3840000000000001,0.0
1.088,0.0,0.0,0.0,0.0,0.0,1.088,0.0
0.9520000000000001,0.0,0.0,0.0,0.0,0.0,0.9520000000000001,0.0
0.8320000000000001,0.0,0.0,0.0,0.0,0.0,0.8320000000000001,0.0
0.7440000000000001,0.0,0.0,0.0,0.0,0.0,0.7440000000000001,0.0
0.68,0.0,0.0,0.0,0.0,0.0,0.68,0.0
0.7040000000000001,0.0,0.0,0.0,0.0,0.0,0.7040000000000001,0.0
0.56,0.0,0.0,0.0,0.0,0.0,0.56,0.0
0.6559999999999999,0.0,0.0,0.0,0.0,0.0,0.6559999999999999,0.0
0.5622757855196955,0.0,0.0,0.0,0.2777242144803045,0.0,0.84,0.0372285319745249
0.05474646879619893,0.0,0.0,0.0,0.6492535312038011,0.0,0.7040000000000001,0.0870315031450311
0.09692979729475015,0.0,0.0,0.0,0.7190702027052498,0.0,0.816,0.0963903276616845
1.1917789848659668,0.0,0.0,0.0,1.2802210151340332,0.0,2.472,0.171611787922641
0.5790938763759721,0.0,0.0,0.0,1.3649061236240279,0.0,1.944,0.182963705057722
0.36561475937976806,0.0,0.0,0.0,1.042385240620232,0.0,1.4080000000000001,0.13973024402218698
0.0,1.687527937425243,0.0,0.0,0.624,0.0,0.624,0.30985699928785304
0.0,0.8274341645868647,0.0,0.0,0.672,0.0,0.672,0.20099699568679802
0.0,1.1719283140610233,0.0,0.0,0.584,0.0,0.584,0.235379667946204
0.0,0.7357200806303499,0.0,0.0,0.56,0.0,0.56,0.173689415386579
0.0,0.04777948197973192,0.0,0.0,0.696,0.0,0.696,0.0997025710512603
0.4919653014852181,0.0,0.0,0.0,0.30803469851478193,0.0,0.8,0.0412916088155286
0.683258527761152,0.0,0.0,0.0,0.348741472238848,0.0,1.032,0.0467482933541885
1.8637552962641932,0.0,0.0,0.0,0.1762447037358068,0.0,2.04,0.0236253493439423
0.816,0.0,0.0,0.0,0.0,0.0,0.816,0.0
0.96,0.0,0.0,0.0,0.0,0.0,0.96,0.0
0.784,0.0,0.0,0.0,0.0,0.0,0.784,0.0
0.7120000000000001,0.0,0.0,0.0,0.0,0.0,0.7120000000000001,0.0
0.648,0.0,0.0,0.0,0.0,0.0,0.648,0.0
0.504,0.0,0.0,0.0,0.0,0.0,0.504,0.0
0.504,0.0,0.0,0.0,0.0,0.0,0.504,0.0
0.648,0.0,0.0,0.0,0.0,0.0,0.648,0.0
0.624,0.0,0.0,0.0,0.0,0.0,0.624,0.0
0.6249566296381547,0.0,0.0,0.0,0.023043370361845287,0.0,0.648,0.00308893069306931
0.07065464005305128,0.0,0.0,0.0,0.4973453599469487,0.0,0.568,0.0666684310182094
0.0,0.6713824528569169,0.0,0.0,0.6,0.0,0.6,0.170426991346807
0.0,1.1740577905403458,0.0,0.0,0.752,0.0,0.752,0.25818527986150497
0.0,1.6661718993618984,0.0,0.0,0.72,0.0,0.72,0.31986291515249604
0.0,2.325321618016062,0.0,0.0,0.76,0.0,0.76,0.413582930544753
0.0,2.7661828300810605,0.0,0.0,0.696,0.0,0.696,0.464100634626026
0.0,3.043420586865292,0.0,0.0,0.504,0.0,0.504,0.475526633471019
0.0,2.6244073744105667,0.0,0.0,0.56,0.0,0.56,0.42686523384356895
0.0,2.688020487218271,0.0,0.0,0.672,0.0,0.672,0.450405919330938
0.0,2.2668663007157264,0.0,0.0,0.7759999999999999,0.0,0.7759999999999999,0.407891856251639
0.0,1.9117742457764975,0.0,0.0,0.728,0.0,0.728,0.35385794536611104
0.0,1.3670436308705776,0.0,0.0,0.6559999999999999,0.0,0.6559999999999999,0.271186092428629
0.0,0.3055852232827335,0.0,0.0,0.616,0.0,0.616,0.12353717523851
0.566805334314463,0.0,0.0,0.0,0.313194665685537,0.0,0.88,0.0419832950019975
1.04,0.0,0.0,0.0,0.0,0.0,1.04,0.0
1.16,0.0,0.0,0.0,0.0,0.0,1.16,0.0
1.088,0.0,0.0,0.0,0.0,0.0,1.088,0.0
0.7759999999999999,0.0,0.0,0.0,0.0,0.0,0.7759999999999999,0.0
0.6,0.0,0.0,0.0,0.0,0.0,0.6,0.0
0.7759999999999999,0.0,0.0,0.0,0.0,0.0,0.7759999999999999,0.0
0.736,0.0,0.0,0.0,0.0,0.0,0.736,0.0
0.7120000000000001,0.0,0.0,0.0,0.0,0.0,0.7120000000000001,0.0
0.584,0.0,0.0,0.0,0.0,0.0,0.584,0.0
0.512,0.0,0.0,0.0,0.0,0.0,0.512,0.0
0.3562775652163102,0.0,0.0,0.0,0.2517224347836898,0.0,0.608,0.0337430307601588
0.09921659037083752,0.0,0.0,0.0,0.5407834096291625,0.0,0.64,0.0724912391753281
0.0,0.6665254961635069,0.0,0.0,0.7040000000000001,0.0,0.7040000000000001,0.18371697387389
0.0,0.8946184950396591,0.0,0.0,0.848,0.0,0.848,0.23359550582717803
0.0,1.8997921893127931,0.0,0.0,0.648,0.0,0.648,0.341527882837896
0.0,2.2885139282513314,0.0,0.0,0.56,0.0,0.56,0.38183919992797294
0.0,1.8643820727715337,0.0,0.0,0.5760000000000001,0.0,0.5760000000000001,0.327129711020122
0.0,1.9319485978695858,0.0,0.0,0.728,0.0,0.728,0.356562288281864
0.0,2.120614918721344,0.0,0.0,0.728,0.0,0.728,0.38185273755539595
0.0,2.2313471000974965,0.0,0.0,0.632,0.0,0.632,0.383827565304726
0.0,1.6867243040745838,0.0,0.0,0.784,0.0,0.784,0.33119704353687
0.0,0.7374726698745832,0.0,0.0,0.848,0.0,0.848,0.212530333718334
0.0,0.15117955048676457,0.0,0.0,0.8,0.0,0.8,0.127504252285218
0.3837955649306129,0.0,0.0,0.0,0.2642044350693871,0.0,0.648,0.0354162249669069
0.6535439507547675,0.0,0.0,0.0,0.02645604924523257,0.0,0.68,0.00354639539475804
0.736,0.0,0.0,0.0,0.0,0.0,0.736,0.0
0.696,0.0,0.0,0.0,0.0,0.0,0.696,0.0
0.992,0.0,0.0,0.0,0.0,0.0,0.992,0.0
0.7040000000000001,0.0,0.0,0.0,0.0,0.0,0.7040000000000001,0.0
0.6,0.0,0.0,0.0,0.0,0.0,0.6,0.0
0.536,0.0,0.0,0.0,0.0,0.0,0.536,0.0
0.52,0.0,0.0,0.0,0.0,0.0,0.52,0.0
0.56,0.0,0.0,0.0,0.0,0.0,0.56,0.0
0.6137239805593573,0.0,0.0,0.0,0.010276019440642763,0.0,0.624,0.00137748564356436
0.08064021740277094,0.0,0.0,0.0,0.5113597825972291,0.0,0.5920000000000001,0.0685470442414632
0.0,0.7383521369008688,0.0,0.0,0.46399999999999997,0.0,0.46399999999999997,0.16117357666134197
0.0,1.644573215851017,0.0,0.0,0.536,0.0,0.536,0.292302706989416
0.0,2.4067289385032673,0.0,0.0,0.624,0.0,0.624,0.406264860283504
0.0,1.9814239640134963,0.0,0.0,1.3840000000000001,0.0,1.3840000000000001,0.45113024763274295
0.0,3.1288127877338434,0.0,0.0,0.8079999999999999,0.0,0.8079999999999999,0.527724098599482
0.0,3.456188438312667,0.0,0.0,0.84,0.0,0.84,0.575897888283162
0.0,3.51326496521917,0.0,0.0,0.976,0.0,0.976,0.6017795193426629
0.0,3.454576146873434,0.0,0.0,0.632,0.0,0.632,0.547799661743206
0.0,2.3684962706351462,0.0,0.0,0.68,0.0,0.68,0.408646545631364
0.0,1.6706190682011446,0.0,0.0,1.064,0.0,1.064,0.36657175755876203
0.0,1.2110023121933349,0.0,0.0,0.68,0.0,0.68,0.25348614334953
0.221386812993827,0.0,0.0,0.0,0.9146131870061729,0.0,1.136,0.122602583791613
0.974460821463356,0.0,0.0,0.0,0.273539178536644,0.0,1.248,0.036667533918469004
1.032,0.0,0.0,0.0,0.0,0.0,1.032,0.0
0.9279999999999999,0.0,0.0,0.0,0.0,0.0,0.9279999999999999,0.0
0.9520000000000001,0.0,0.0,0.0,0.0,0.0,0.9520000000000001,0.0
0.992,0.0,0.0,0.0,0.0,0.0,0.992,0.0
0.9840000000000001,0.0,0.0,0.0,0.0,0.0,0.9840000000000001,0.0
0.9279999999999999,0.0,0.0,0.0,0.0,0.0,0.9279999999999999,0.0
0.5920000000000001,0.0,0.0,0.0,0.0,0.0,0.5920000000000001,0.0
0.568,0.0,0.0,0.0,0.0,0.0,0.568,0.0
0.624,0.0,0.0,0.0,0.0,0.0,0.624,0.0
0.552,0.0,0.0,0.0,0.0,0.0,0.552,0.0
0.10539925941264494,0.0,0.0,0.0,0.4146007405873551,0.0,0.52,0.0555766336633663
0.0,0.4764870096041226,0.0,0.0,0.512,0.0,0.512,0.132505263584279
0.0,0.5357224730291543,0.0,0.0,1.072,0.0,1.072,0.21551288786730102
0.0,1.2068858137187517,0.0,0.0,0.9359999999999999,0.0,0.9359999999999999,0.28725076487503004
0.0,1.9455777029635448,0.0,0.0,0.6,0.0,0.6,0.341231034124094
0.0,2.1359096464752922,0.0,0.0,0.632,0.0,0.632,0.3710343117514121
0.0,1.913055996230101,0.0,0.0,0.96,0.0,0.96,0.385129028883573
0.0,1.4707889048175478,0.0,0.0,1.4,0.0,1.4,0.38482512853660705
0.0,1.8160406627270302,0.0,0.0,0.88,0.0,0.88,0.36140037772641
0.0,1.6680964788731967,0.0,0.0,0.688,0.0,0.688,0.315831348242113
0.0,1.2868677219067783,0.0,0.0,0.608,0.0,0.608,0.254004295968598
0.0,0.680754362702272,0.0,0.0,0.648,0.0,0.648,0.17811761344151397
0.3269357072350706,0.0,0.0,0.0,0.6810642927649294,0.0,1.008,0.0912956900331947
0.7383584592366379,0.0,0.0,0.0,0.22964154076336207,0.0,0.968,0.0307831186379835
1.048,0.0,0.0,0.0,0.0,0.0,1.048,0.0
0.9440000000000001,0.0,0.0,0.0,0.0,0.0,0.9440000000000001,0.0
1.032,0.0,0.0,0.0,0.0,0.0,1.032,0.0
1.04,0.0,0.0,0.0,0.0,0.0,1.04,0.0
0.512,0.0,0.0,0.0,0.0,0.0,0.512,0.0
0.488,0.0,0.0,0.0,0.0,0.0,0.488,0.0
0.672,0.0,0.0,0.0,0.0,0.0,0.672,0.0
0.5920000000000001,0.0,0.0,0.0,0.0,0.0,0.5920000000000001,0.0
0.504,0.0,0.0,0.0,0.0,0.0,0.504,0.0
0.5760000000000001,0.0,0.0,0.0,0.0,0.0,0.5760000000000001,0.0
0.05365847747668406,0.0,0.0,0.0,0.45034152252331594,0.0,0.504,0.0603676341369379
0.0,0.39415555007448366,0.0,0.0,0.672,0.0,0.672,0.14291661985627802
0.0,1.0440713561627102,0.0,0.0,0.688,0.0,0.688,0.232181677012665
0.0,1.7008207717961699,0.0,0.0,0.616,0.0,0.616,0.31056649613162896
0.0,2.2044243928525713,0.0,0.0,0.584,0.0,0.584,0.3737842840319529
0.0,2.402771213065871,0.0,0.0,0.664,0.0,0.664,0.411096275410555
0.0,2.4055789626626183,0.0,0.0,0.76,0.0,0.76,0.424341312297514
0.0,2.381558872843102,0.0,0.0,0.728,0.0,0.728,0.4168318997352561
0.0,2.516239862806532,0.0,0.0,0.4,0.0,0.4,0.39091776416051904
0.0,1.9781534123665185,0.0,0.0,0.528,0.0,0.528,0.33594626460620797
0.0,1.397482763926825,0.0,0.0,0.608,0.0,0.608,0.26883208344263104
0.0,0.6866697420528254,0.0,0.0,0.688,0.0,0.688,0.18427250408176002
0.0,0.04848985326853872,0.0,0.0,0.68,0.0,0.68,0.0976530182874928
0.24094024347826265,0.0,0.0,0.0,0.23105975652173738,0.0,0.47200000000000003,0.0309732284229954
0.496,0.0,0.0,0.0,0.0,0.0,0.496,0.0
0.632,0.0,0.0,0.0,0.0,0.0,0.632,0.0
0.624,0.0,0.0,0.0,0.0,0.0,0.624,0.0
0.616,0.0,0.0,0.0,0.0,0.0,0.616,0.0
0.568,0.0,0.0,0.0,0.0,0.0,0.568,0.0
0.528,0.0,0.0,0.0,0.0,0.0,0.528,0.0
0.584,0.0,0.0,0.0,0.0,0.0,0.584,0.0
0.536,0.0,0.0,0.0,0.0,0.0,0.536,0.0
0.56,0.0,0.0,0.0,0.0,0.0,0.56,0.0
0.504,0.0,0.0,0.0,0.0,0.0,0.504,0.0
0.0,0.005884337297904163,0.0,0.0,0.544,0.0,0.544,0.0737112054549973
0.0,0.629803784710208,0.0,0.0,0.5920000000000001,0.0,0.5920000000000001,0.16378104210609
0.0,1.8432619431053836,0.0,0.0,0.616,0.0,0.616,0.329660530515692
0.0,2.512721761835933,0.0,0.0,1.288,0.0,1.288,0.5094812920852321
0.0,3.9325423326301676,0.0,0.0,0.968,0.0,0.968,0.656910659606072
0.0,4.545433825981698,0.0,0.0,0.736,0.0,0.736,0.7079686171039321
0.0,1.9763456763361964,0.0,0.0,1.136,0.0,1.136,0.41720546674000397
0.0,1.9671336046111816,0.0,0.0,0.64,0.0,0.64,0.349482514309205
0.0,1.7677675901759025,0.0,0.0,0.46399999999999997,0.0,0.46399999999999997,0.299165239322206
0.0,1.4062735015776395,0.0,0.0,0.568,0.0,0.568,0.264648526659719
0.0,0.7377320472440289,0.0,0.0,0.7759999999999999,0.0,0.7759999999999999,0.20291360631675798
0.11417455034501678,0.0,0.0,0.0,0.7738254496549832,0.0,0.888,0.103730189854312
1.342926449542516,0.0,0.0,0.0,0.24907355045748386,0.0,1.5919999999999999,0.0333879516215986
1.0885806934309818,0.0,0.0,0.0,0.07141930656901802,0.0,1.16,0.00957365544512735
0.736,0.0,0.0,0.0,0.0,0.0,0.736,0.0
1.024,0.0,0.0,0.0,0.0,0.0,1.024,0.0
0.888,0.0,0.0,0.0,0.0,0.0,0.888,0.0
0.608,0.0,0.0,0.0,0.0,0.0,0.608,0.0
0.44799999999999995,0.0,0.0,0.0,0.0,0.0,0.44799999999999995,0.0
0.5760000000000001,0.0,0.0,0.0,0.0,0.0,0.5760000000000001,0.0
0.648,0.0,0.0,0.0,0.0,0.0,0.648,0.0
0.584,0.0,0.0,0.0,0.0,0.0,0.584,0.0
0.48,0.0,0.0,0.0,0.0,0.0,0.48,0.0
0.568,0.0,0.0,0.0,0.0,0.0,0.568,0.0
0.11789629645985644,0.0,0.0,0.0,0.4421037035401436,0.0,0.56,0.0592633663366337
0.0,0.47784736454264753,0.0,0.0,0.5760000000000001,0.0,0.5760000000000001,0.14126672526758402
0.0,1.112259429230122,0.0,0.0,0.568,0.0,0.568,0.22523636263998398
0.0,1.7099274618761218,0.0,0.0,0.56,0.0,0.56,0.30428051530343
0.0,1.978580354641618,0.0,0.0,0.688,0.0,0.688,0.357451265750022
0.0,2.186319826659065,0.0,0.0,0.7120000000000001,0.0,0.7120000000000001,0.388515609058743
0.0,2.4429359473489902,0.0,0.0,0.648,0.0,0.648,0.41433552332632795
0.0,2.4045809648338663,0.0,0.0,0.616,0.0,0.616,0.404904538991625
0.0,2.257392495397381,0.0,0.0,0.56,0.0,0.56,0.377667416562722
0.0,1.9325776933394754,0.0,0.0,0.504,0.0,0.504,0.32661973942259803
0.0,1.1791905402044212,0.0,0.0,0.736,0.0,0.736,0.25672854056578603
0.0,0.5602186551002666,0.0,0.0,0.72,0.0,0.72,0.171611471563505
0.283481363979024,0.0,0.0,0.0,0.6445186360209759,0.0,0.9279999999999999,0.0863967972478889
0.6164078110849834,0.0,0.0,0.0,0.07159218891501648,0.0,0.688,0.009596830075246941
0.92,0.0,0.0,0.0,0.0,0.0,0.92,0.0
1.192,0.0,0.0,0.0,0.0,0.0,1.192,0.0
1.016,0.0,0.0,0.0,0.0,0.0,1.016,0.0
0.736,0.0,0.0,0.0,0.0,0.0,0.736,0.0
0.552,0.0,0.0,0.0,0.0,0.0,0.552,0.0
0.584,0.0,0.0,0.0,0.0,0.0,0.584,0.0
0.696,0.0,0.0,0.0,0.0,0.0,0.696,0.0
0.784,0.0,0.0,0.0,0.0,0.0,0.784,0.0
0.616,0.0,0.0,0.0,0.0,0.0,0.616,0.0
0.44,0.0,0.0,0.0,0.0,0.0,0.44,0.0
0.17691731496837837,0.0,0.0,0.0,0.4150826850316217,0.0,0.5920000000000001,0.0556412376237624
0.0,0.39075163698809845,0.0,0.0,0.5920000000000001,0.0,0.5920000000000001,0.131736445124495
0.0,0.8571999607482955,0.0,0.0,0.7440000000000001,0.0,0.7440000000000001,0.214638554466245
0.0,1.5737246848028987,0.0,0.0,0.6,0.0,0.6,0.291384671240965
0.0,2.0493149541796254,0.0,0.0,0.6,0.0,0.6,0.355136863621439
0.0,2.177797523738644,0.0,0.0,0.728,0.0,0.728,0.389517983609856
0.0,2.232583077290778,0.0,0.0,0.76,0.0,0.76,0.40115146238803295
0.0,2.2668694603040005,0.0,0.0,0.632,0.0,0.632,0.38858928665924697
0.0,2.1478711788041016,0.0,0.0,0.584,0.0,0.584,0.36620340693268605
0.0,1.7188031680439955,0.0,0.0,0.624,0.0,0.624,0.314049399022531
0.0,1.1414576405702284,0.0,0.0,0.736,0.0,0.736,0.251670499576628
0.0,0.4704695725361282,0.0,0.0,0.872,0.0,0.872,0.179956117616573
0.17677038566269887,0.0,0.0,0.0,0.7032296143373011,0.0,0.88,0.0942669195474335
0.8889626439430077,0.0,0.0,0.0,0.10303735605699224,0.0,0.992,0.0138120095567334
1.12,0.0,0.0,0.0,0.0,0.0,1.12,0.0
0.96,0.0,0.0,0.0,0.0,0.0,0.96,0.0
0.9840000000000001,0.0,0.0,0.0,0.0,0.0,0.9840000000000001,0.0
1.0,0.0,0.0,0.0,0.0,0.0,1.0,0.0
0.752,0.0,0.0,0.0,0.0,0.0,0.752,0.0
0.46399999999999997,0.0,0.0,0.0,0.0,0.0,0.46399999999999997,0.0
0.64,0.0,0.0,0.0,0.0,0.0,0.64,0.0
0.608,0.0,0.0,0.0,0.0,0.0,0.608,0.0
0.6,0.0,0.0,0.0,0.0,0.0,0.6,0.0
0.5760000000000001,0.0,0.0,0.0,0.0,0.0,0.5760000000000001,0.0
0.03377308086674835,0.0,0.0,0.0,0.46222691913325165,0.0,0.496,0.0619608544780266
0.0,0.69160297848434,0.0,0.0,0.5920000000000001,0.0,0.5920000000000001,0.17206513525124603
0.0,1.6761448962844763,0.0,0.0,0.664,0.0,0.664,0.31369306151202103
0.0,2.6847274497916263,0.0,0.0,0.6,0.0,0.6,0.440312995829319
0.0,3.557622154668899,0.0,0.0,0.568,0.0,0.568,0.553033722994981
0.0,3.9790775809818664,0.0,0.0,0.856,0.0,0.856,0.648135203693797
0.0,4.035837485162251,0.0,0.0,0.9279999999999999,0.0,0.9279999999999999,0.665395283873648
0.0,4.4572165524035645,0.0,0.0,0.648,0.0,0.648,0.68434694473322
0.0,3.8228134988123355,0.0,0.0,0.912,0.0,0.912,0.6346949475176129
0.0,3.2534443893410225,0.0,0.0,0.96,0.0,0.96,0.564806167388004
0.0,2.45899465493624,0.0,0.0,0.9440000000000001,0.0,0.9440000000000001,0.456166544777159
0.0,1.4503560535372408,0.0,0.0,0.8,0.0,0.8,0.30165699613174396
0.0,0.6165289152747181,0.0,0.0,0.616,0.0,0.616,0.16521873045061902
0.8433094598902484,0.0,0.0,0.0,0.22069054010975164,0.0,1.064,0.0295832498593086
0.5920000000000001,0.0,0.0,0.0,0.0,0.0,0.5920000000000001,0.0
0.624,0.0,0.0,0.0,0.0,0.0,0.624,0.0
1.04,0.0,0.0,0.0,0.0,0.0,1.04,0.0
1.04,0.0,0.0,0.0,0.0,0.0,1.04,0.0
0.816,0.0,0.0,0.0,0.0,0.0,0.816,0.0
0.792,0.0,0.0,0.0,0.0,0.0,0.792,0.0
0.7759999999999999,0.0,0.0,0.0,0.0,0.0,0.7759999999999999,0.0
0.672,0.0,0.0,0.0,0.0,0.0,0.672,0.0
0.6559999999999999,0.0,0.0,0.0,0.0,0.0,0.6559999999999999,0.0
0.544,0.0,0.0,0.0,0.0,0.0,0.544,0.0
0.10438534957625062,0.0,0.0,0.0,0.4076146504237494,0.0,0.512,0.0546401583131006
0.0,0.6878945238625722,0.0,0.0,0.528,0.0,0.528,0.162988914178665
0.0,1.6014595507300649,0.0,0.0,0.7040000000000001,0.0,0.7040000000000001,0.309043540769164
0.0,2.4853480678004294,0.0,0.0,0.752,0.0,0.752,0.43396185773827
0.0,3.393486600287689,0.0,0.0,0.688,0.0,0.688,0.547117415334992
0.0,3.941743840604946,0.0,0.0,0.7040000000000001,0.0,0.7040000000000001,0.6227552877917271
0.0,4.154352192416109,0.0,0.0,0.68,0.0,0.68,0.6480379663986451
0.0,3.9091600613173916,0.0,0.0,0.616,0.0,0.616,0.606591205407999
0.0,3.7518767464643332,0.0,0.0,0.72,0.0,0.72,0.599448653598364
0.0,3.2984214326859567,0.0,0.0,0.696,0.0,0.696,0.535446454695158
0.0,2.6053536009277294,0.0,0.0,0.584,0.0,0.584,0.42752826840248204
0.0,1.5033279027586244,0.0,0.0,0.672,0.0,0.672,0.29159958030475897
0.0,0.40467721348365393,0.0,0.0,0.7040000000000001,0.0,0.7040000000000001,0.148616587749969
1.2326628562520083,0.0,0.0,0.0,0.16733714374799155,0.0,1.4,0.0224313037241107
0.64,0.0,0.0,0.0,0.0,0.0,0.64,0.0
0.8959999999999999,0.0,0.0,0.0,0.0,0.0,0.8959999999999999,0.0
0.8,0.0,0.0,0.0,0.0,0.0,0.8,0.0
0.84,0.0,0.0,0.0,0.0,0.0,0.84,0.0
0.72,0.0,0.0,0.0,0.0,0.0,0.72,0.0
0.552,0.0,0.0,0.0,0.0,0.0,0.552,0.0
0.408,0.0,0.0,0.0,0.0,0.0,0.408,0.0
0.512,0.0,0.0,0.0,0.0,0.0,0.512,0.0
0.672,0.0,0.0,0.0,0.0,0.0,0.672,0.0
0.64,0.0,0.0,0.0,0.0,0.0,0.64,0.0
0.1764607218760364,0.0,0.0,0.0,0.37553927812396365,0.0,0.552,0.0503405007355578
0.0,0.5673712399863138,0.0,0.0,0.528,0.0,0.528,0.146832941117914
0.0,1.5385746437670051,0.0,0.0,0.672,0.0,0.672,0.296324355301724
0.0,2.8159165393537986,0.0,0.0,0.76,0.0,0.76,0.47934647496502797
0.0,3.6233672860558443,0.0,0.0,0.7040000000000001,0.0,0.7040000000000001,0.5800773680318321
0.0,2.6893349050164437,0.0,0.0,0.848,0.0,0.848,0.47417466230819705
0.0,3.2777923187691984,0.0,0.0,0.8,0.0,0.8,0.546622202204616
0.0,2.670433420351279,0.0,0.0,0.5760000000000001,0.0,0.5760000000000001,0.43517973619576095
0.0,2.6257049228332576,0.0,0.0,0.752,0.0,0.752,0.45277649251979707
0.0,2.6739422394697345,0.0,0.0,0.7759999999999999,0.0,0.7759999999999999,0.46245980103932
0.0,0.9568925847227638,0.0,0.0,1.1840000000000002,0.0,1.1840000000000002,0.286983575391576
0.0,0.33194400309151617,0.0,0.0,0.696,0.0,0.696,0.13779441687763802
1.0262470122106655,0.0,0.0,0.0,0.4937529877893345,0.0,1.52,0.0661868786912566
0.8041528172897008,0.0,0.0,0.0,0.03584718271029919,0.0,0.84,0.00480526334451709
0.8320000000000001,0.0,0.0,0.0,0.0,0.0,0.8320000000000001,0.0
1.008,0.0,0.0,0.0,0.0,0.0,1.008,0.0
1.008,0.0,0.0,0.0,0.0,0.0,1.008,0.0
0.912,0.0,0.0,0.0,0.0,0.0,0.912,0.0
0.8240000000000001,0.0,0.0,0.0,0.0,0.0,0.8240000000000001,0.0
0.7120000000000001,0.0,0.0,0.0,0.0,0.0,0.7120000000000001,0.0
0.6559999999999999,0.0,0.0,0.0,0.0,0.0,0.6559999999999999,0.0
0.512,0.0,0.0,0.0,0.0,0.0,0.512,0.0
0.456,0.0,0.0,0.0,0.0,0.0,0.456,0.0
0.488,0.0,0.0,0.0,0.0,0.0,0.488,0.0
0.30455386003147383,0.0,0.0,0.0,0.3754461399685262,0.0,0.68,0.050328015699623
0.0,0.3772762604725509,0.0,0.0,0.672,0.0,0.672,0.140653975333802
0.0,1.512788517539021,0.0,0.0,0.6,0.0,0.6,0.28321626555969104
0.0,2.5696712191162896,0.0,0.0,0.632,0.0,0.632,0.429179427425259
0.0,3.1858036783655796,0.0,0.0,0.768,0.0,0.768,0.530001703079678
0.0,3.72449913364422,0.0,0.0,0.84,0.0,0.84,0.611864551539189
0.0,3.810240027345838,0.0,0.0,1.0,0.0,1.0,0.644805765310334
0.0,3.855053814042379,0.0,0.0,0.92,0.0,0.92,0.64008910396526
0.0,3.767930869635557,0.0,0.0,0.816,0.0,0.816,0.614469347833339
0.0,3.031482903040001,0.0,0.0,0.888,0.0,0.888,0.5254010524522571
0.0,2.102889123952136,0.0,0.0,1.032,0.0,1.032,0.42022738350717
0.0,1.2825984734056093,0.0,0.0,0.8240000000000001,0.0,0.8240000000000001,0.28238649903617896
0.36590323406746283,0.0,0.0,0.0,1.0580967659325373,0.0,1.4240000000000002,0.14183635141924
0.7435665386246193,0.0,0.0,0.0,0.2164334613753806,0.0,0.96,0.0290125945706541
0.9359999999999999,0.0,0.0,0.0,0.0,0.0,0.9359999999999999,0.0
1.048,0.0,0.0,0.0,0.0,0.0,1.048,0.0
0.9840000000000001,0.0,0.0,0.0,0.0,0.0,0.9840000000000001,0.0
0.8240000000000001,0.0,0.0,0.0,0.0,0.0,0.8240000000000001,0.0
0.616,0.0,0.0,0.0,0.0,0.0,0.616,0.0
0.568,0.0,0.0,0.0,0.0,0.0,0.568,0.0
0.624,0.0,0.0,0.0,0.0,0.0,0.624,0.0
0.544,0.0,0.0,0.0,0.0,0.0,0.544,0.0
0.48,0.0,0.0,0.0,0.0,0.0,0.48,0.0
0.46399999999999997,0.0,0.0,0.0,0.0,0.0,0.46399999999999997,0.0
0.03810001427678922,0.0,0.0,0.0,0.4018999857232108,0.0,0.44,0.0538741157196386
0.0,0.6369854528004506,0.0,0.0,0.512,0.0,0.512,0.154019849323866
0.0,1.6804311557944684,0.0,0.0,0.608,0.0,0.608,0.306760908890914
0.0,2.7847690182319402,0.0,0.0,0.608,0.0,0.608,0.45479581286702203
0.0,3.792409741631746,0.0,0.0,0.46399999999999997,0.0,0.46399999999999997,0.5705656111388671
0.0,4.178938871368353,0.0,0.0,0.616,0.0,0.616,0.64275466733308
0.0,4.45385105104582,0.0,0.0,0.6,0.0,0.6,0.677461473067515
0.0,4.520452930872706,0.0,0.0,0.52,0.0,0.52,0.6756654743059499
0.0,4.300493723664549,0.0,0.0,0.456,0.0,0.456,0.637601150513401
0.0,3.6967768640833705,0.0,0.0,0.528,0.0,0.528,0.5663252693470661
0.0,2.864766439593079,0.0,0.0,0.552,0.0,0.552,0.458012632725964
0.0,1.6714685081561544,0.0,0.0,0.7040000000000001,0.0,0.7040000000000001,0.318428140937779
0.0,0.3452734275977666,0.0,0.0,0.848,0.0,0.848,0.15995658872166799
0.6228203670334751,0.0,0.0,0.0,0.1451796329665249,0.0,0.768,0.0194611212351718
0.736,0.0,0.0,0.0,0.0,0.0,0.736,0.0
0.8959999999999999,0.0,0.0,0.0,0.0,0.0,0.8959999999999999,0.0
1.0,0.0,0.0,0.0,0.0,0.0,1.0,0.0
0.7759999999999999,0.0,0.0,0.0,0.0,0.0,0.7759999999999999,0.0
0.488,0.0,0.0,0.0,0.0,0.0,0.488,0.0
0.488,0.0,0.0,0.0,0.0,0.0,0.488,0.0
0.52,0.0,0.0,0.0,0.0,0.0,0.52,0.0
0.5920000000000001,0.0,0.0,0.0,0.0,0.0,0.5920000000000001,0.0
0.46399999999999997,0.0,0.0,0.0,0.0,0.0,0.46399999999999997,0.0
0.41600000000000004,0.0,0.0,0.0,0.0,0.0,0.41600000000000004,0.0
0.2516532782162953,0.0,0.0,0.0,0.3403467217837048,0.0,0.5920000000000001,0.0456229891155132
0.0,0.5459965265218591,0.0,0.0,0.48,0.0,0.48,0.13753336044120598
0.0,1.6163183172323499,0.0,0.0,0.512,0.0,0.512,0.285298012898586
0.0,2.760675104661919,0.0,0.0,0.504,0.0,0.504,0.43762500777173297
0.0,3.456228940139837,0.0,0.0,0.584,0.0,0.584,0.541586885262623
0.0,3.6779615794944807,0.0,0.0,0.976,0.0,0.976,0.623856863884326
0.0,4.0536996750373655,0.0,0.0,0.8959999999999999,0.0,0.8959999999999999,0.663500130736681
0.0,4.509820019507906,0.0,0.0,0.43200000000000005,0.0,0.43200000000000005,0.662443874232812
0.0,4.0605594374005225,0.0,0.0,0.568,0.0,0.568,0.620451743229161
0.0,3.469860427815322,0.0,0.0,0.5920000000000001,0.0,0.5920000000000001,0.544486555109886
0.0,2.62507011949262,0.0,0.0,0.64,0.0,0.64,0.437677958942313
0.0,1.6070866882384198,0.0,0.0,0.648,0.0,0.648,0.30229113091744203
0.0,0.1797441417272947,0.0,0.0,0.9279999999999999,0.0,0.9279999999999999,0.14849151082147302
1.4257948590107121,0.0,0.0,0.0,0.13420514098928804,0.0,1.56,0.0179900063514975
1.1440000000000001,0.0,0.0,0.0,0.0,0.0,1.1440000000000001,0.0
0.8959999999999999,0.0,0.0,0.0,0.0,0.0,0.8959999999999999,0.0
0.888,0.0,0.0,0.0,0.0,0.0,0.888,0.0
0.68,0.0,0.0,0.0,0.0,0.0,0.68,0.0
0.6,0.0,0.0,0.0,0.0,0.0,0.6,0.0
0.584,0.0,0.0,0.0,0.0,0.0,0.584,0.0
0.512,0.0,0.0,0.0,0.0,0.0,0.512,0.0
0.384,0.0,0.0,0.0,0.0,0.0,0.384,0.0
0.43200000000000005,0.0,0.0,0.0,0.0,0.0,0.43200000000000005,0.0
0.672,0.0,0.0,0.0,0.0,0.0,0.672,0.0
0.4608871103696942,0.0,0.0,0.0,0.15511288963030576,0.0,0.616,0.0207926600209083
0.0,0.1522136215472702,0.0,0.0,0.44,0.0,0.44,0.079385385198687
0.0,0.6108019459082745,0.0,0.0,0.8320000000000001,0.0,0.8320000000000001,0.19340552813036102
0.0,1.7157982930302664,0.0,0.0,0.768,0.0,0.768,0.33294959297438304
0.0,2.21190147432834,0.0,0.0,0.856,0.0,0.856,0.4112477853090639
0.0,2.6032355709256905,0.0,0.0,0.76,0.0,0.76,0.450836896683152
0.0,1.771404041875874,0.0,0.0,0.72,0.0,0.72,0.333969132680774
0.0,2.2546441558178363,0.0,0.0,0.46399999999999997,0.0,0.46399999999999997,0.36443034350322095
0.0,1.7317274351725742,0.0,0.0,0.624,0.0,0.624,0.31578187846421
0.0,1.0874457483465014,0.0,0.0,0.696,0.0,0.696,0.239068340480829
0.0,0.44950616631004514,0.0,0.0,0.9520000000000001,0.0,0.9520000000000001,0.18786988820043102
0.0,0.1705782545363721,0.0,0.0,0.8959999999999999,0.0,0.8959999999999999,0.14297328278214003
0.29541318793109594,0.0,0.0,0.0,0.5365868120689041,0.0,0.8320000000000001,0.0719286913011766
1.2474798044757027,0.0,0.0,0.0,0.1525201955242972,0.0,1.4,0.0204451131006431
1.28,0.0,0.0,0.0,0.0,0.0,1.28,0.0
0.872,0.0,0.0,0.0,0.0,0.0,0.872,0.0
0.992,0.0,0.0,0.0,0.0,0.0,0.992,0.0
0.912,0.0,0.0,0.0,0.0,0.0,0.912,0.0
0.584,0.0,0.0,0.0,0.0,0.0,0.584,0.0
0.536,0.0,0.0,0.0,0.0,0.0,0.536,0.0
0.41600000000000004,0.0,0.0,0.0,0.0,0.0,0.41600000000000004,0.0
0.36,0.0,0.0,0.0,0.0,0.0,0.36,0.0
0.5760000000000001,0.0,0.0,0.0,0.0,0.0,0.5760000000000001,0.0
0.496,0.0,0.0,0.0,0.0,0.0,0.496,0.0
0.38493750930034765,0.0,0.0,0.0,0.11106249069965235,0.0,0.496,0.0148877673267327
0.0,0.09094824350917419,0.0,0.0,0.46399999999999997,0.0,0.46399999999999997,0.0743900148078477
0.0,0.9037423866151145,0.0,0.0,0.584,0.0,0.584,0.19942972964600697
0.0,1.3351378174612114,0.0,0.0,0.8240000000000001,0.0,0.8240000000000001,0.28942932262919796
0.0,1.9044176456039585,0.0,0.0,0.696,0.0,0.696,0.348582249652384
0.0,2.114348585470702,0.0,0.0,0.6559999999999999,0.0,0.6559999999999999,0.37136124801998494
0.0,1.3548313766872755,0.0,0.0,0.616,0.0,0.616,0.264187114763097
0.0,1.1507166335234889,0.0,0.0,0.664,0.0,0.664,0.24326015771528098
0.0,1.1892582196791976,0.0,0.0,0.848,0.0,0.848,0.273091537637851
0.0,0.010251308801217496,0.0,0.0,1.472,0.0,1.472,0.198693658553496
0.0,0.0012982510991281782,0.0,0.0,1.584,0.0,1.584,0.212506953132053
0.8414076468767856,0.0,0.0,0.0,0.5345923531232143,0.0,1.376,0.0716613369447319
1.258936496276088,0.0,0.0,0.0,0.189063503723912,0.0,1.4480000000000002,0.0253436910669542
1.032,0.0,0.0,0.0,0.0,0.0,1.032,0.0
1.016,0.0,0.0,0.0,0.0,0.0,1.016,0.0
1.168,0.0,0.0,0.0,0.0,0.0,1.168,0.0
1.072,0.0,0.0,0.0,0.0,0.0,1.072,0.0
1.08,0.0,0.0,0.0,0.0,0.0,1.08,0.0
0.64,0.0,0.0,0.0,0.0,0.0,0.64,0.0
0.44799999999999995,0.0,0.0,0.0,0.0,0.0,0.44799999999999995,0.0
0.608,0.0,0.0,0.0,0.0,0.0,0.608,0.0
0.5920000000000001,0.0,0.0,0.0,0.0,0.0,0.5920000000000001,0.0
0.5760000000000001,0.0,0.0,0.0,0.0,0.0,0.5760000000000001,0.0
0.6,0.0,0.0,0.0,0.0,0.0,0.6,0.0
0.190099231570975,0.0,0.0,0.0,0.24190076842902505,0.0,0.43200000000000005,0.0324264504950495
0.0,0.32107973187361083,0.0,0.0,0.488,0.0,0.488,0.108455975739677
0.0,0.94330121081265,0.0,0.0,0.976,0.0,0.976,0.25727957005546
0.0,2.1773222675595996,0.0,0.0,0.848,0.0,0.848,0.40554010381068895
0.0,2.833394491610032,0.0,0.0,1.208,0.0,1.208,0.54174312576278
0.0,3.150048699564583,0.0,0.0,1.36,0.0,1.36,0.604565549073906
0.0,2.4417366592429444,0.0,0.0,2.04,0.0,2.04,0.6007703607416589
0.0,3.287382381413885,0.0,0.0,1.456,0.0,1.456,0.635843593920357
0.0,3.4237572692994087,0.0,0.0,0.88,0.0,0.88,0.5769124792036079
0.0,2.7301346491033858,0.0,0.0,1.208,0.0,1.208,0.5279012922170929
0.0,1.2330954436486656,0.0,0.0,1.76,0.0,1.76,0.401220144362246
0.25775196678975476,0.0,0.0,0.0,2.054248033210245,0.0,2.312,0.275368997734247
0.5644758729708392,0.0,0.0,0.0,1.0515241270291606,0.0,1.6159999999999999,0.14095529861644698
1.1137363096564856,0.0,0.0,0.0,0.12626369034351426,0.0,1.24,0.016925466301061003
2.0,0.0,0.0,0.0,0.0,0.0,2.0,0.0
2.3040000000000003,0.0,0.0,0.0,0.0,0.0,2.3040000000000003,0.0
1.472,0.0,0.0,0.0,0.0,0.0,1.472,0.0
1.016,0.0,0.0,0.0,0.0,0.0,1.016,0.0
0.792,0.0,0.0,0.0,0.0,0.0,0.792,0.0
0.68,0.0,0.0,0.0,0.0,0.0,0.68,0.0
0.5920000000000001,0.0,0.0,0.0,0.0,0.0,0.5920000000000001,0.0
0.616,0.0,0.0,0.0,0.0,0.0,0.616,0.0
0.44799999999999995,0.0,0.0,0.0,0.0,0.0,0.44799999999999995,0.0
0.608,0.0,0.0,0.0,0.0,0.0,0.608,0.0
0.4975806574423386,0.0,0.0,0.0,0.09441934255766149,0.0,0.5920000000000001,0.0126567772277228
0.11155115267190874,0.0,0.0,0.0,0.5284488473280913,0.0,0.64,0.0708378088186108
0.0,0.6017492952834704,0.0,0.0,0.696,0.0,0.696,0.173961428695675
0.0,1.4411109921138796,0.0,0.0,0.7120000000000001,0.0,0.7120000000000001,0.28862143534948104
0.0,1.6076915836190637,0.0,0.0,1.016,0.0,1.016,0.351702087608141
0.0,1.2805706941550181,0.0,0.0,1.848,0.0,1.848,0.41938040706987606
0.0,1.4675871583236042,0.0,0.0,1.8,0.0,1.8,0.438015364381647
0.0,0.8196255915061434,0.0,0.0,2.536,0.0,2.536,0.44981678987440205
0.0,0.6750909874210942,0.0,0.0,2.408,0.0,2.408,0.41328391771800504
0.0,1.325654479729905,0.0,0.0,1.5919999999999999,0.0,1.5919999999999999,0.39110739152686896
0.0,0.6609582759776076,0.0,0.0,1.672,0.0,1.672,0.31272970538413103
1.283258495604168,0.0,0.0,0.0,1.732741504395832,0.0,3.016,0.232271509420585
1.7025716899742855,0.0,0.0,0.0,0.9214283100257142,0.0,2.6239999999999997,0.123516141241827
1.9023270698173838,0.0,0.0,0.0,0.11367293018261636,0.0,2.016,0.0152376929892859
1.784,0.0,0.0,0.0,0.0,0.0,1.784,0.0
1.696,0.0,0.0,0.0,0.0,0.0,1.696,0.0
1.3359999999999999,0.0,0.0,0.0,0.0,0.0,1.3359999999999999,0.0
0.848,0.0,0.0,0.0,0.0,0.0,0.848,0.0
0.616,0.0,0.0,0.0,0.0,0.0,0.616,0.0
0.648,0.0,0.0,0.0,0.0,0.0,0.648,0.0
0.64,0.0,0.0,0.0,0.0,0.0,0.64,0.0
0.544,0.0,0.0,0.0,0.0,0.0,0.544,0.0
0.496,0.0,0.0,0.0,0.0,0.0,0.496,0.0
0.688,0.0,0.0,0.0,0.0,0.0,0.688,0.0
0.5329587500543992,0.0,0.0,0.0,0.14704124994560086,0.0,0.68,0.0197106683168317
0.0,0.039313783355323983,0.0,0.0,0.608,0.0,0.608,0.0867714827325702
0.0,0.4826189301821354,0.0,0.0,0.8079999999999999,0.0,0.8079999999999999,0.17300561349727098
0.0,0.7639480800781902,0.0,0.0,1.08,0.0,1.08,0.24717859113225799
0.0,0.898676586390684,0.0,0.0,1.6640000000000001,0.0,1.6640000000000001,0.34352311488337206
0.0,1.501702875906284,0.0,0.0,1.5759999999999998,0.0,1.5759999999999998,0.412561649109966
0.0,1.03673838050659,0.0,0.0,2.056,0.0,2.056,0.41457713690174197
0.0,1.2353869137374034,0.0,0.0,1.64,0.0,1.64,0.38544148502684794
0.0,1.8814535804261208,0.0,0.0,1.136,0.0,1.136,0.40448531760454404
0.0,1.0175177244658886,0.0,0.0,1.672,0.0,1.672,0.360525987223309
0.0,1.465260207842494,0.0,0.0,0.784,0.0,0.784,0.30151009959064695
0.0,0.7015638933334529,0.0,0.0,0.72,0.0,0.72,0.190558597693136
1.8941714157334393,0.0,0.0,0.0,0.5538285842665608,0.0,2.448,0.0742399260948696
1.9881799816665915,0.0,0.0,0.0,0.13182001833340865,0.0,2.12,0.0176702840859265
1.48,0.0,0.0,0.0,0.0,0.0,1.48,0.0
1.544,0.0,0.0,0.0,0.0,0.0,1.544,0.0
1.32,0.0,0.0,0.0,0.0,0.0,1.32,0.0
0.9840000000000001,0.0,0.0,0.0,0.0,0.0,0.9840000000000001,0.0
0.816,0.0,0.0,0.0,0.0,0.0,0.816,0.0
0.608,0.0,0.0,0.0,0.0,0.0,0.608,0.0
0.608,0.0,0.0,0.0,0.0,0.0,0.608,0.0
0.544,0.0,0.0,0.0,0.0,0.0,0.544,0.0
0.5920000000000001,0.0,0.0,0.0,0.0,0.0,0.5920000000000001,0.0
0.784,0.0,0.0,0.0,0.0,0.0,0.784,0.0
0.3889184075150957,0.0,0.0,0.0,0.29108159248490434,0.0,0.68,0.0390190693069307
0.0,0.03400358464224762,0.0,0.0,0.72,0.0,0.72,0.1010730973253
0.1370082148006222,0.0,0.0,0.0,1.3029917851993778,0.0,1.44,0.17466417693758
0.0,0.7834518618336941,0.0,0.0,1.104,0.0,1.104,0.253010210579371
0.0,1.0041849992645273,0.0,0.0,1.368,0.0,1.368,0.31798799128792105
0.0,1.1893839533087505,0.0,0.0,1.464,0.0,1.464,0.355682307109204
0.0,1.9718392185494606,0.0,0.0,0.8,0.0,0.8,0.37156106524276006
0.0,1.840049581946827,0.0,0.0,0.76,0.0,0.76,0.34853291124790303
0.0,1.7608036076464741,0.0,0.0,0.664,0.0,0.664,0.325041440150016
0.0,1.1095054068499075,0.0,0.0,0.8240000000000001,0.0,0.8240000000000001,0.259183622128611
0.0,0.7676996574293533,0.0,0.0,0.736,0.0,0.736,0.201568778874558
0.5020901716874604,0.0,0.0,0.0,0.9779098283125396,0.0,1.48,0.131087407627243
2.7190069560203316,0.0,0.0,0.0,0.4249930439796682,0.0,3.1439999999999997,0.0569697070035994
2.6591876212644547,0.0,0.0,0.0,0.02081237873554533,0.0,2.68,0.0027898694705899302
1.256,0.0,0.0,0.0,0.0,0.0,1.256,0.0
1.304,0.0,0.0,0.0,0.0,0.0,1.304,0.0
1.024,0.0,0.0,0.0,0.0,0.0,1.024,0.0
0.72,0.0,0.0,0.0,0.0,0.0,0.72,0.0
0.664,0.0,0.0,0.0,0.0,0.0,0.664,0.0
0.536,0.0,0.0,0.0,0.0,0.0,0.536,0.0
0.696,0.0,0.0,0.0,0.0,0.0,0.696,0.0
0.48,0.0,0.0,0.0,0.0,0.0,0.48,0.0
0.48,0.0,0.0,0.0,0.0,0.0,0.48,0.0
0.544,0.0,0.0,0.0,0.0,0.0,0.544,0.0
0.550344527855342,0.0,0.0,0.0,0.2096554721446579,0.0,0.76,0.0281040148514851
0.24106179502003977,0.0,0.0,0.0,0.7829382049799603,0.0,1.024,0.10495174161430802
0.0,0.6507524104032245,0.0,0.0,0.8640000000000001,0.0,0.8640000000000001,0.20305038453240198
0.0,1.5266068594434308,0.0,0.0,0.9440000000000001,0.0,0.9440000000000001,0.331181300252784
0.0,1.697010560855501,0.0,0.0,1.168,0.0,1.168,0.384050549829621
0.0,2.299799313542656,0.0,0.0,1.008,0.0,1.008,0.44340574602027505
0.0,1.3620782008857204,0.0,0.0,2.56,0.0,2.56,0.52574894840009
0.0,3.409558291143129,0.0,0.0,0.88,0.0,0.88,0.575009126579906
0.0,2.874990893281918,0.0,0.0,0.7440000000000001,0.0,0.7440000000000001,0.4851205302287929
0.0,2.817641517759993,0.0,0.0,0.768,0.0,0.768,0.480650094349546
0.0,2.1100428290715945,0.0,0.0,0.92,0.0,0.92,0.406172888299848
0.0,1.0885196830084354,0.0,0.0,0.8079999999999999,0.0,0.8079999999999999,0.25422573898108
0.37261781396065996,0.0,0.0,0.0,0.86738218603934,0.0,1.24,0.11627133596371698
3.895316638202763,0.0,0.0,0.0,0.16068336179723722,0.0,4.056,0.0215393738123862
1.6640000000000001,0.0,0.0,0.0,0.0,0.0,1.6640000000000001,0.0
2.784,0.0,0.0,0.0,0.0,0.0,2.784,0.0
1.952,0.0,0.0,0.0,0.0,0.0,1.952,0.0
1.24,0.0,0.0,0.0,0.0,0.0,1.24,0.0
0.904,0.0,0.0,0.0,0.0,0.0,0.904,0.0
0.88,0.0,0.0,0.0,0.0,0.0,0.88,0.0
0.544,0.0,0.0,0.0,0.0,0.0,0.544,0.0
0.664,0.0,0.0,0.0,0.0,0.0,0.664,0.0
0.76,0.0,0.0,0.0,0.0,0.0,0.76,0.0
0.6559999999999999,0.0,0.0,0.0,0.0,0.0,0.6559999999999999,0.0
0.7421733703888043,0.0,0.0,0.0,0.0498266296111958,0.0,0.792,0.00667918811881188
0.5421238202259606,0.0,0.0,0.0,0.2658761797740393,0.0,0.8079999999999999,0.0356403199429494
0.0,0.06240900000877969,0.0,0.0,0.64,0.0,0.64,0.0941569173755837
0.0,0.4180447904228871,0.0,0.0,0.648,0.0,0.648,0.142901772684098
0.0,0.11724539309008364,0.0,0.0,1.56,0.0,1.56,0.22483233542535397
0.0,0.8726934264856829,0.0,0.0,1.272,0.0,1.272,0.287493072769634
0.0,0.4746053803838939,0.0,0.0,1.8880000000000001,0.0,1.8880000000000001,0.316703857138982
0.0,1.5517038080722387,0.0,0.0,0.8079999999999999,0.0,0.8079999999999999,0.316314905538982
0.0,1.1820363177217148,0.0,0.0,0.9440000000000001,0.0,0.9440000000000001,0.28499211414248904
0.0,1.106957716770278,0.0,0.0,1.24,0.0,1.24,0.31460631031089503
0.0,0.3078516292067859,0.0,0.0,1.6880000000000002,0.0,1.6880000000000002,0.267541043669427
0.6851492586787191,0.0,0.0,0.0,1.338850741321281,0.0,2.024,0.179471018491009
2.1866963071634427,0.0,0.0,0.0,0.6213036928365574,0.0,2.8080000000000003,0.0832848674644339
3.3416993608030046,0.0,0.0,0.0,0.15430063919699588,0.0,3.4960000000000004,0.0206837790171961
1.52,0.0,0.0,0.0,0.0,0.0,1.52,0.0
2.256,0.0,0.0,0.0,0.0,0.0,2.256,0.0
1.56,0.0,0.0,0.0,0.0,0.0,1.56,0.0
1.4240000000000002,0.0,0.0,0.0,0.0,0.0,1.4240000000000002,0.0
0.968,0.0,0.0,0.0,0.0,0.0,0.968,0.0
0.856,0.0,0.0,0.0,0.0,0.0,0.856,0.0
0.616,0.0,0.0,0.0,0.0,0.0,0.616,0.0
0.56,0.0,0.0,0.0,0.0,0.0,0.56,0.0
0.5920000000000001,0.0,0.0,0.0,0.0,0.0,0.5920000000000001,0.0
0.7120000000000001,0.0,0.0,0.0,0.0,0.0,0.7120000000000001,0.0
0.6856111018704937,0.0,0.0,0.0,0.050388898129506275,0.0,0.736,0.0067545594059405896
0.5298559137308348,0.0,0.0,0.0,0.2541440862691652,0.0,0.784,0.0340676496628601
0.4562409092687281,0.0,0.0,0.0,0.37575909073127195,0.0,0.8320000000000001,0.0503699662997863
0.4214873700399774,0.0,0.0,0.0,0.4585126299600226,0.0,0.88,0.0614629593502757
1.424324334926976,0.0,0.0,0.0,0.679675665073024,0.0,2.104,0.0911095464859871
2.2644770641038496,0.0,0.0,0.0,0.9915229358961505,0.0,3.2560000000000002,0.132912225142336
0.2689665397381311,0.0,0.0,0.0,1.1870334602618688,0.0,1.456,0.159120130064582
0.11054233666809021,0.0,0.0,0.0,1.2254576633319096,0.0,1.3359999999999999,0.164270839286194
0.3869317705849118,0.0,0.0,0.0,1.1330682294150882,0.0,1.52,0.151886168395624
0.0,0.19655565873617786,0.0,0.0,1.3359999999999999,0.0,1.3359999999999999,0.205436884395419
0.0380983750640953,0.0,0.0,0.0,1.3139016249359046,0.0,1.3519999999999999,0.17612662528126602
0.45777024127914734,0.0,0.0,0.0,0.8382297587208527,0.0,1.296,0.11236349496183601
2.192177342939948,0.0,0.0,0.0,0.5518226570600517,0.0,2.7439999999999998,0.0739710344345373
2.857511712462135,0.0,0.0,0.0,0.11048828753786473,0.0,2.968,0.0148107962177911
2.12,0.0,0.0,0.0,0.0,0.0,2.12,0.0
2.176,0.0,0.0,0.0,0.0,0.0,2.176,0.0
1.28,0.0,0.0,0.0,0.0,0.0,1.28,0.0
1.008,0.0,0.0,0.0,0.0,0.0,1.008,0.0
0.9279999999999999,0.0,0.0,0.0,0.0,0.0,0.9279999999999999,0.0
1.224,0.0,0.0,0.0,0.0,0.0,1.224,0.0
1.784,0.0,0.0,0.0,0.0,0.0,1.784,0.0
1.104,0.0,0.0,0.0,0.0,0.0,1.104,0.0
1.176,0.0,0.0,0.0,0.0,0.0,1.176,0.0
1.056,0.0,0.0,0.0,0.0,0.0,1.056,0.0
0.32545620376383844,0.0,0.0,0.0,0.16254379623616155,0.0,0.488,0.0217887623762376
0.21190604576630856,0.0,0.0,0.0,0.5480939542336914,0.0,0.76,0.0734712071772907
0.0,0.12554609075484413,0.0,0.0,0.872,0.0,0.872,0.133719620398324
0.0,0.5394299869884848,0.0,0.0,0.904,0.0,0.904,0.193489716134924
0.0,0.9172406989284283,0.0,0.0,1.04,0.0,1.04,0.26236530393379104
0.0,0.6381439755877016,0.0,0.0,1.504,0.0,1.504,0.287151322539282
0.0,1.4234320347456642,0.0,0.0,0.9840000000000001,0.0,0.9840000000000001,0.322712805758536
0.0,1.731107232782628,0.0,0.0,0.616,0.0,0.616,0.314626352717557
0.0,1.5718426045154672,0.0,0.0,0.68,0.0,0.68,0.30185626615480704
0.0,0.930502141484044,0.0,0.0,0.992,0.0,0.992,0.25770865021352696
0.0,0.4556890192109697,0.0,0.0,0.96,0.0,0.96,0.189771079256818
0.572648601901889,0.0,0.0,0.0,0.8593513980981109,0.0,1.432,0.115194820377166
3.809202092963186,0.0,0.0,0.0,0.3987979070368141,0.0,4.208,0.0534582865281505
1.7403297031267029,0.0,0.0,0.0,0.06767029687329722,0.0,1.808,0.009071106081215679
1.672,0.0,0.0,0.0,0.0,0.0,1.672,0.0
1.32,0.0,0.0,0.0,0.0,0.0,1.32,0.0
1.1520000000000001,0.0,0.0,0.0,0.0,0.0,1.1520000000000001,0.0
0.664,0.0,0.0,0.0,0.0,0.0,0.664,0.0
0.56,0.0,0.0,0.0,0.0,0.0,0.56,0.0
0.544,0.0,0.0,0.0,0.0,0.0,0.544,0.0
0.44799999999999995,0.0,0.0,0.0,0.0,0.0,0.44799999999999995,0.0
0.632,0.0,0.0,0.0,0.0,0.0,0.632,0.0
0.6559999999999999,0.0,0.0,0.0,0.0,0.0,0.6559999999999999,0.0
0.7759999999999999,0.0,0.0,0.0,0.0,0.0,0.7759999999999999,0.0
0.20956268530891353,0.0,0.0,0.0,0.3344373146910865,0.0,0.544,0.0448308415841584
0.0,0.412551161983188,0.0,0.0,0.552,0.0,0.552,0.12929669759675502
0.0,1.179347366086335,0.0,0.0,0.672,0.0,0.672,0.24817045479189
0.0,1.9967565995536547,0.0,0.0,0.68,0.0,0.68,0.35881537676136205
0.0,2.506484813505617,0.0,0.0,0.8,0.0,0.8,0.44322953917871105
0.0,2.493982486360777,0.0,0.0,1.3519999999999999,0.0,1.3519999999999999,0.515548427186564
0.0,2.731826487161821,0.0,0.0,1.4080000000000001,0.0,1.4080000000000001,0.554937793359818
0.0,1.7247129434862427,0.0,0.0,2.2319999999999998,0.0,2.2319999999999998,0.530391685889674
0.0,2.61616774614858,0.0,0.0,1.064,0.0,1.064,0.49332119946935293
0.0,2.392445558699607,0.0,0.0,0.88,0.0,0.88,0.438666625972508
0.0,1.2137957231007244,0.0,0.0,1.376,0.0,1.376,0.347158396200201
0.0,0.65650264752467,0.0,0.0,1.12,0.0,1.12,0.23813762779007
2.720414701445305,0.0,0.0,0.0,0.8555852985546952,0.0,3.576,0.11468998014372198
2.993464681874554,0.0,0.0,0.0,0.11053531812544544,0.0,3.1039999999999996,0.0148171006004925
1.504,0.0,0.0,0.0,0.0,0.0,1.504,0.0
1.472,0.0,0.0,0.0,0.0,0.0,1.472,0.0
0.9840000000000001,0.0,0.0,0.0,0.0,0.0,0.9840000000000001,0.0
0.616,0.0,0.0,0.0,0.0,0.0,0.616,0.0
0.536,0.0,0.0,0.0,0.0,0.0,0.536,0.0
0.672,0.0,0.0,0.0,0.0,0.0,0.672,0.0
0.672,0.0,0.0,0.0,0.0,0.0,0.672,0.0
0.696,0.0,0.0,0.0,0.0,0.0,0.696,0.0
0.608,0.0,0.0,0.0,0.0,0.0,0.608,0.0
0.624,0.0,0.0,0.0,0.0,0.0,0.624,0.0
0.7734830556719144,0.0,0.0,0.0,0.31451694432808563,0.0,1.088,0.0421605445544554
0.4194686911262133,0.0,0.0,0.0,0.8925313088737865,0.0,1.3119999999999998,0.11964253975063
0.09423448954985059,0.0,0.0,0.0,1.7697655104501495,0.0,1.864,0.237234524243752
0.0,2.0250762213444817,0.0,0.0,0.752,0.0,0.752,0.372263077943993
0.0,3.6168660318419397,0.0,0.0,0.696,0.0,0.696,0.578133495736853
0.0,3.2706381023108184,0.0,0.0,1.12,0.0,1.12,0.5885587300564229
0.0,2.6492493299153197,0.0,0.0,0.872,0.0,0.872,0.47201841407431
0.0,2.3423577012778805,0.0,0.0,0.7759999999999999,0.0,0.7759999999999999,0.418011370046606
0.0,1.081272251937065,0.0,0.0,0.7759999999999999,0.0,0.7759999999999999,0.24896467722853302
0.0,0.5047298553979148,0.0,0.0,0.9840000000000001,0.0,0.9840000000000001,0.199562098417751
0.0,0.7945934835116496,0.0,0.0,0.816,0.0,0.816,0.215897742698007
0.8618258133283822,0.0,0.0,0.0,0.562174186671618,0.0,1.4240000000000002,0.0753586421080366
3.0146918981442368,0.0,0.0,0.0,0.19330810185576353,0.0,3.208,0.0259126733487705
2.096,0.0,0.0,0.0,0.0,0.0,2.096,0.0
2.128,0.0,0.0,0.0,0.0,0.0,2.128,0.0
1.4080000000000001,0.0,0.0,0.0,0.0,0.0,1.4080000000000001,0.0
1.032,0.0,0.0,0.0,0.0,0.0,1.032,0.0
0.752,0.0,0.0,0.0,0.0,0.0,0.752,0.0
0.624,0.0,0.0,0.0,0.0,0.0,0.624,0.0
0.728,0.0,0.0,0.0,0.0,0.0,0.728,0.0
0.7040000000000001,0.0,0.0,0.0,0.0,0.0,0.7040000000000001,0.0
0.552,0.0,0.0,0.0,0.0,0.0,0.552,0.0
0.512,0.0,0.0,0.0,0.0,0.0,0.512,0.0
0.7040000000000001,0.0,0.0,0.0,0.0,0.0,0.7040000000000001,0.0
0.7302077407695207,0.0,0.0,0.0,0.07779225923047926,0.0,0.8079999999999999,0.0104279405940594
0.32491601448314267,0.0,0.0,0.0,0.42708398551685733,0.0,0.752,0.0572499947128284
0.0,0.601739612224115,0.0,0.0,0.696,0.0,0.696,0.173960130695479
0.0,1.4956054635310445,0.0,0.0,0.7040000000000001,0.0,0.7040000000000001,0.294853952449337
0.0,1.6335482400575927,0.0,0.0,1.3119999999999998,0.0,1.3119999999999998,0.39484651002682497
0.0,1.4343876820734036,0.0,0.0,2.064,0.0,2.064,0.468953843023976
0.0,1.8074968457002347,0.0,0.0,2.208,0.0,2.208,0.5382715835329389
0.0,2.0807876480126617,0.0,0.0,1.52,0.0,1.52,0.48268041135109707
0.0,2.3201319197979537,0.0,0.0,0.904,0.0,0.904,0.432190252084759
0.0,2.189171528503942,0.0,0.0,0.8640000000000001,0.0,0.8640000000000001,0.409273257232235
0.0,0.7684373433450093,0.0,0.0,1.6880000000000002,0.0,1.6880000000000002,0.32928189697561305
0.0,0.5108255805343509,0.0,0.0,1.4080000000000001,0.0,1.4080000000000001,0.25721581249994097
0.6006804358414688,0.0,0.0,0.0,0.9033195641585312,0.0,1.504,0.12108868987322198
1.7998464414517041,0.0,0.0,0.0,0.08015355854829573,0.0,1.88,0.0107444693753875
2.24,0.0,0.0,0.0,0.0,0.0,2.24,0.0
2.36,0.0,0.0,0.0,0.0,0.0,2.36,0.0
1.416,0.0,0.0,0.0,0.0,0.0,1.416,0.0
0.728,0.0,0.0,0.0,0.0,0.0,0.728,0.0
0.5760000000000001,0.0,0.0,0.0,0.0,0.0,0.5760000000000001,0.0
0.52,0.0,0.0,0.0,0.0,0.0,0.52,0.0
0.64,0.0,0.0,0.0,0.0,0.0,0.64,0.0
0.632,0.0,0.0,0.0,0.0,0.0,0.632,0.0
0.728,0.0,0.0,0.0,0.0,0.0,0.728,0.0
0.8079999999999999,0.0,0.0,0.0,0.0,0.0,0.8079999999999999,0.0
0.8522798612101568,0.0,0.0,0.0,0.26772013878984335,0.0,1.12,0.0358875
0.0,0.02610260863080127,0.0,0.0,0.8079999999999999,0.0,0.8079999999999999,0.11181025642129801
0.0,0.9815242469285718,0.0,0.0,0.68,0.0,0.68,0.22272493836728602
0.0,2.201932144694407,0.0,0.0,0.632,0.0,0.632,0.37988453279025003
0.0,3.0524952128879352,0.0,0.0,0.736,0.0,0.736,0.507842340763323
0.0,2.9993553640524473,0.0,0.0,1.264,0.0,1.264,0.5714966618463321
0.0,3.5839895274625375,0.0,0.0,0.888,0.0,0.888,0.599463771729153
0.0,3.646751324870305,0.0,0.0,0.816,0.0,0.816,0.598225403943198
0.0,3.3156194955151035,0.0,0.0,0.8320000000000001,0.0,0.8320000000000001,0.555982434934197
0.0,2.75860035359924,0.0,0.0,0.848,0.0,0.848,0.4834595961844879
0.0,1.9574993032261907,0.0,0.0,1.04,0.0,1.04,0.40181047541206105
0.0,0.8409216249577971,0.0,0.0,1.072,0.0,1.072,0.256424395736483
0.5947533913289443,0.0,0.0,0.0,0.8052466086710556,0.0,1.4,0.107942151081011
3.4499177058493484,0.0,0.0,0.0,0.07008229415065159,0.0,3.52,0.00939443085118752
2.464,0.0,0.0,0.0,0.0,0.0,2.464,0.0
1.44,0.0,0.0,0.0,0.0,0.0,1.44,0.0
1.8159999999999998,0.0,0.0,0.0,0.0,0.0,1.8159999999999998,0.0
1.704,0.0,0.0,0.0,0.0,0.0,1.704,0.0
0.7440000000000001,0.0,0.0,0.0,0.0,0.0,0.7440000000000001,0.0
0.7120000000000001,0.0,0.0,0.0,0.0,0.0,0.7120000000000001,0.0
0.736,0.0,0.0,0.0,0.0,0.0,0.736,0.0
0.7040000000000001,0.0,0.0,0.0,0.0,0.0,0.7040000000000001,0.0
0.528,0.0,0.0,0.0,0.0,0.0,0.528,0.0
0.5760000000000001,0.0,0.0,0.0,0.0,0.0,0.5760000000000001,0.0
0.9382052779012684,0.0,0.0,0.0,0.33379472209873157,0.0,1.272,0.044744702970297
0.0,0.37224391693808534,0.0,0.0,0.5920000000000001,0.0,0.5920000000000001,0.129255511839845
0.0,0.8768172679363294,0.0,0.0,0.92,0.0,0.92,0.24086077347241897
0.0,1.5561100235382483,0.0,0.0,1.16,0.0,1.16,0.3640906467116579
0.0,1.5348063361090982,0.0,0.0,1.28,0.0,1.28,0.37732074562538503
0.0,1.784426406223364,0.0,0.0,1.296,0.0,1.296,0.412926734436367
0.0,1.8638896025424005,0.0,0.0,1.4080000000000001,0.0,1.4080000000000001,0.438592100848317
0.0,1.5446585863759184,0.0,0.0,1.304,0.0,1.304,0.381858591141759
0.0,0.8619886078267276,0.0,0.0,1.04,0.0,1.04,0.254958840496355
0.0,0.9053797092121385,0.0,0.0,1.168,0.0,1.168,0.27793357141787606
0.0,0.20649583873414912,0.0,0.0,1.632,0.0,1.632,0.24644772601273898
0.34194854607897973,0.0,0.0,0.0,1.2420514539210203,0.0,1.584,0.166495213076147
1.5214846635565125,0.0,0.0,0.0,0.5745153364434876,0.0,2.096,0.0770129555057509
4.236380578304559,0.0,0.0,0.0,0.10761942169544005,0.0,4.343999999999999,0.0144262288730056
2.64,0.0,0.0,0.0,0.0,0.0,2.64,0.0
1.464,0.0,0.0,0.0,0.0,0.0,1.464,0.0
1.3840000000000001,0.0,0.0,0.0,0.0,0.0,1.3840000000000001,0.0
1.296,0.0,0.0,0.0,0.0,0.0,1.296,0.0
1.1840000000000002,0.0,0.0,0.0,0.0,0.0,1.1840000000000002,0.0
0.7759999999999999,0.0,0.0,0.0,0.0,0.0,0.7759999999999999,0.0
0.6,0.0,0.0,0.0,0.0,0.0,0.6,0.0
0.424,0.0,0.0,0.0,0.0,0.0,0.424,0.0
0.624,0.0,0.0,0.0,0.0,0.0,0.624,0.0
0.632,0.0,0.0,0.0,0.0,0.0,0.632,0.0
0.598493157476037,0.0,0.0,0.0,0.18550684252396293,0.0,0.784,0.0248669257425743
0.9399407045062885,0.0,0.0,0.0,0.19605929549371134,0.0,1.136,0.0262814669035929
0.0,0.11253740343830321,0.0,0.0,0.7040000000000001,0.0,0.7040000000000001,0.109455665899288
0.0,0.08100807856836467,0.0,0.0,0.792,0.0,0.792,0.11702547877511699
0.0679393384876219,0.0,0.0,0.0,1.7080606615123781,0.0,1.776,0.228963077888375
0.18068439809251835,0.0,0.0,0.0,2.8753156019074817,0.0,3.056,0.385431925778493
0.0,1.6660647658834782,0.0,0.0,1.4080000000000001,0.0,1.4080000000000001,0.412073965687891
0.0,0.27142939119393183,0.0,0.0,2.296,0.0,2.296,0.34416022153940307
0.0,1.2573685181336083,0.0,0.0,1.864,0.0,1.864,0.41841496572079906
0.0,1.2357391833352342,0.0,0.0,1.8559999999999999,0.0,1.8559999999999999,0.414443195956361
0.8466675512641297,0.0,0.0,0.0,1.9693324487358705,0.0,2.8160000000000003,0.26398618562456
1.8628824877100956,0.0,0.0,0.0,1.1691175122899045,0.0,3.032,0.156718522976859
1.5815084952799159,0.0,0.0,0.0,0.6184915047200843,0.0,2.2,0.0829078976873894
1.3461394214765146,0.0,0.0,0.0,0.06986057852348534,0.0,1.416,0.00936471018988092
1.7519999999999998,0.0,0.0,0.0,0.0,0.0,1.7519999999999998,0.0
1.936,0.0,0.0,0.0,0.0,0.0,1.936,0.0
1.248,0.0,0.0,0.0,0.0,0.0,1.248,0.0
0.9279999999999999,0.0,0.0,0.0,0.0,0.0,0.9279999999999999,0.0
0.536,0.0,0.0,0.0,0.0,0.0,0.536,0.0
0.5760000000000001,0.0,0.0,0.0,0.0,0.0,0.5760000000000001,0.0
0.456,0.0,0.0,0.0,0.0,0.0,0.456,0.0
0.536,0.0,0.0,0.0,0.0,0.0,0.536,0.0
0.47200000000000003,0.0,0.0,0.0,0.0,0.0,0.47200000000000003,0.0
0.848,0.0,0.0,0.0,0.0,0.0,0.848,0.0
0.7759999999999999,0.0,0.0,0.0,0.0,0.0,0.7759999999999999,0.0
0.33622266404854034,0.0,0.0,0.0,0.2077773359514597,0.0,0.544,0.0278522533929035
0.0,0.04656777993044825,0.0,0.0,0.536,0.0,0.536,0.07809237398709701
0.0,0.12942010520514613,0.0,0.0,0.76,0.0,0.76,0.11922548736838101
0.10185203061623449,0.0,0.0,0.0,1.0021479693837656,0.0,1.104,0.134336495617506
0.24157942136578758,0.0,0.0,0.0,1.2544205786342124,0.0,1.496,0.168153276474557
0.0,1.32222148779495,0.0,0.0,0.9279999999999999,0.0,0.9279999999999999,0.30163895778730604
0.0,2.443974820604085,0.0,0.0,0.7759999999999999,0.0,0.7759999999999999,0.43163299890987894
0.0,3.3615219196746096,0.0,0.0,0.7440000000000001,0.0,0.7440000000000001,0.550339315369846
0.0,2.80223371258624,0.0,0.0,0.8959999999999999,0.0,0.8959999999999999,0.495742916316887
0.0,1.8722314422612423,0.0,0.0,0.768,0.0,0.768,0.353919231898086
0.03785728186246362,0.0,0.0,0.0,1.6661427181375363,0.0,1.704,0.223344037797986
3.5585107164334775,0.0,0.0,0.0,0.9454892835665221,0.0,4.504,0.126741480179155
1.8501355843883303,0.0,0.0,0.0,0.08586441561166963,0.0,1.936,0.0115100015605576
2.312,0.0,0.0,0.0,0.0,0.0,2.312,0.0
1.8559999999999999,0.0,0.0,0.0,0.0,0.0,1.8559999999999999,0.0
0.9840000000000001,0.0,0.0,0.0,0.0,0.0,0.9840000000000001,0.0
0.7759999999999999,0.0,0.0,0.0,0.0,0.0,0.7759999999999999,0.0
0.48,0.0,0.0,0.0,0.0,0.0,0.48,0.0
0.48,0.0,0.0,0.0,0.0,0.0,0.48,0.0
0.648,0.0,0.0,0.0,0.0,0.0,0.648,0.0
0.584,0.0,0.0,0.0,0.0,0.0,0.584,0.0
0.696,0.0,0.0,0.0,0.0,0.0,0.696,0.0
0.688,0.0,0.0,0.0,0.0,0.0,0.688,0.0
0.5142117870569364,0.0,0.0,0.0,0.05378821294306354,0.0,0.568,0.0072102326732673295
0.3528443565136782,0.0,0.0,0.0,0.22315564348632191,0.0,0.5760000000000001,0.0299136934255885
1.8645865676515345,0.0,0.0,0.0,0.7914134323484656,0.0,2.656,0.10608783366760699
1.7910729953771767,0.0,0.0,0.0,1.4649270046228235,0.0,3.2560000000000002,0.19637136046635
0.2355204210522981,0.0,0.0,0.0,2.140479578947702,0.0,2.376,0.28692821256074996
0.0,0.7493834274835542,0.0,0.0,1.8719999999999999,0.0,1.8719999999999999,0.35139268259405604
0.0,1.3628624773414215,0.0,0.0,1.696,0.0,1.696,0.41003612074832396
0.0,1.4063068018276994,0.0,0.0,1.192,0.0,1.192,0.34829929407659904
0.0,1.366663445812911,0.0,0.0,1.1520000000000001,0.0,1.1520000000000001,0.33762321661787503
0.0,1.3750276880141024,0.0,0.0,0.9840000000000001,0.0,0.9840000000000001,0.316224272616498
0.0,0.8598200780836387,0.0,0.0,1.3359999999999999,0.0,1.3359999999999999,0.294346526968169
0.0,0.43876582331183256,0.0,0.0,1.16,0.0,1.16,0.214312261839751
1.840709435120212,0.0,0.0,0.0,0.8392905648797881,0.0,2.68,0.112505694503495
2.309331932402672,0.0,0.0,0.0,0.05066806759732754,0.0,2.36,0.0067919816720492295
2.48,0.0,0.0,0.0,0.0,0.0,2.48,0.0
1.4240000000000002,0.0,0.0,0.0,0.0,0.0,1.4240000000000002,0.0
1.1520000000000001,0.0,0.0,0.0,0.0,0.0,1.1520000000000001,0.0
0.912,0.0,0.0,0.0,0.0,0.0,0.912,0.0
0.872,0.0,0.0,0.0,0.0,0.0,0.872,0.0
0.552,0.0,0.0,0.0,0.0,0.0,0.552,0.0
0.52,0.0,0.0,0.0,0.0,0.0,0.52,0.0
0.552,0.0,0.0,0.0,0.0,0.0,0.552,0.0
0.752,0.0,0.0,0.0,0.0,0.0,0.752,0.0
0.8240000000000001,0.0,0.0,0.0,0.0,0.0,0.8240000000000001,0.0
0.7018510000984644,0.0,0.0,0.0,0.2661489999015357,0.0,0.968,0.0356768910891089
0.0,0.0235937796594754,0.0,0.0,0.8079999999999999,0.0,0.8079999999999999,0.11147395150185699
0.0,1.319253903819681,0.0,0.0,0.68,0.0,0.68,0.26799711369360296
0.0,2.392271030463405,0.0,0.0,0.728,0.0,0.728,0.41826784907525105
0.0,2.248787475534044,0.0,0.0,1.7280000000000002,0.0,1.7280000000000002,0.533082648071757
0.0,3.5349207492226977,0.0,0.0,1.024,0.0,1.024,0.6111167771213499
0.0,3.6081946638520117,0.0,0.0,1.1440000000000001,0.0,1.1440000000000001,0.637024867721528
0.0,2.7161969941237913,0.0,0.0,2.008,0.0,2.008,0.6332718203157061
0.0,3.297983955528413,0.0,0.0,1.168,0.0,1.168,0.598658733438944
0.0,2.9435117399917026,0.0,0.0,0.9520000000000001,0.0,0.9520000000000001,0.5221877524824289
0.0,2.2402009562012672,0.0,0.0,0.8079999999999999,0.0,0.8079999999999999,0.40860695915574896
0.0,1.1667090536310714,0.0,0.0,0.752,0.0,0.752,0.257200192235958
1.171895758260139,0.0,0.0,0.0,0.852104241739861,0.0,2.024,0.114223349478554
1.7068427676410967,0.0,0.0,0.0,0.06115723235890337,0.0,1.768,0.00819803913968167
1.8,0.0,0.0,0.0,0.0,0.0,1.8,0.0
4.128,0.0,0.0,0.0,0.0,0.0,4.128,0.0
1.784,0.0,0.0,0.0,0.0,0.0,1.784,0.0
1.1520000000000001,0.0,0.0,0.0,0.0,0.0,1.1520000000000001,0.0
0.752,0.0,0.0,0.0,0.0,0.0,0.752,0.0
0.5760000000000001,0.0,0.0,0.0,0.0,0.0,0.5760000000000001,0.0
0.528,0.0,0.0,0.0,0.0,0.0,0.528,0.0
0.512,0.0,0.0,0.0,0.0,0.0,0.512,0.0
0.688,0.0,0.0,0.0,0.0,0.0,0.688,0.0
0.7040000000000001,0.0,0.0,0.0,0.0,0.0,0.7040000000000001,0.0
0.7597828241629444,0.0,0.0,0.0,0.24021717583705557,0.0,1.0,0.0322007673267327
0.13937161092933847,0.0,0.0,0.0,0.7886283890706615,0.0,0.9279999999999999,0.10571450261719
0.0,1.2219816225115405,0.0,0.0,0.72,0.0,0.72,0.26031984666118396
0.0,2.3812816243329538,0.0,0.0,0.696,0.0,0.696,0.412505180941728
0.0,2.7714786233552147,0.0,0.0,1.1840000000000002,0.0,1.1840000000000002,0.530226227049325
0.0,3.2362998487941996,0.0,0.0,1.3119999999999998,0.0,1.3119999999999998,0.609693060676817
0.0,3.7249385961327484,0.0,0.0,1.128,0.0,1.128,0.65052944711577
0.0,3.9145415243235586,0.0,0.0,0.8959999999999999,0.0,0.8959999999999999,0.644846180547069
0.0,3.8861237180955768,0.0,0.0,0.568,0.0,0.568,0.597068885649402
0.0,2.646646630387113,0.0,0.0,1.2,0.0,1.2,0.51563745473919
0.0,0.2836850534510522,0.0,0.0,2.648,0.0,2.648,0.39298816977796996
0.0,0.24109621647482316,0.0,0.0,1.584,0.0,1.584,0.24465152589867498
2.2744435728995027,0.0,0.0,0.0,0.7655564271004972,0.0,3.04,0.10262173926010001
3.590796502220525,0.0,0.0,0.0,0.041203497779474775,0.0,3.6319999999999997,0.0055232696846973205
1.52,0.0,0.0,0.0,0.0,0.0,1.52,0.0
1.696,0.0,0.0,0.0,0.0,0.0,1.696,0.0
1.12,0.0,0.0,0.0,0.0,0.0,1.12,0.0
0.7120000000000001,0.0,0.0,0.0,0.0,0.0,0.7120000000000001,0.0
0.632,0.0,0.0,0.0,0.0,0.0,0.632,0.0
0.5920000000000001,0.0,0.0,0.0,0.0,0.0,0.5920000000000001,0.0
0.504,0.0,0.0,0.0,0.0,0.0,0.504,0.0
0.544,0.0,0.0,0.0,0.0,0.0,0.544,0.0
0.6559999999999999,0.0,0.0,0.0,0.0,0.0,0.6559999999999999,0.0
0.88,0.0,0.0,0.0,0.0,0.0,0.88,0.0
1.0246211297211498,0.0,0.0,0.0,0.24737887027885014,0.0,1.272,0.0331607821782178
0.06780597212989947,0.0,0.0,0.0,0.7721940278701005,0.0,0.84,0.10351150010773699
0.0,1.235259532149454,0.0,0.0,0.568,0.0,0.568,0.241724349735279
0.0,1.8602772796477884,0.0,0.0,0.664,0.0,0.664,0.33837574297864803
0.0,2.805246221363965,0.0,0.0,0.568,0.0,0.568,0.452178809993176
0.0,3.2748825947059617,0.0,0.0,0.84,0.0,0.84,0.551594100410322
0.0,4.037774226662771,0.0,0.0,0.616,0.0,0.616,0.623831749506385
0.0,3.670972564256642,0.0,0.0,0.72,0.0,0.72,0.588603564199775
0.0,2.592383602552026,0.0,0.0,0.9440000000000001,0.0,0.9440000000000001,0.474047141579476
0.0,1.9607136108513425,0.0,0.0,0.856,0.0,0.856,0.37757641306460604
0.0,1.1414074964395304,0.0,0.0,0.84,0.0,0.84,0.26560482842231103
0.0,0.12123272186319722,0.0,0.0,0.992,0.0,0.992,0.149227247103837
3.332413876861235,0.0,0.0,0.0,0.41958612313876453,0.0,3.752,0.0562449170324189
3.136,0.0,0.0,0.0,0.0,0.0,3.136,0.0
1.5919999999999999,0.0,0.0,0.0,0.0,0.0,1.5919999999999999,0.0
1.68,0.0,0.0,0.0,0.0,0.0,1.68,0.0
1.304,0.0,0.0,0.0,0.0,0.0,1.304,0.0
1.008,0.0,0.0,0.0,0.0,0.0,1.008,0.0
0.792,0.0,0.0,0.0,0.0,0.0,0.792,0.0
0.664,0.0,0.0,0.0,0.0,0.0,0.664,0.0
0.632,0.0,0.0,0.0,0.0,0.0,0.632,0.0
0.768,0.0,0.0,0.0,0.0,0.0,0.768,0.0
0.7759999999999999,0.0,0.0,0.0,0.0,0.0,0.7759999999999999,0.0
0.64,0.0,0.0,0.0,0.0,0.0,0.64,0.0
0.52406221305321,0.0,0.0,0.0,0.24393778694679,0.0,0.768,0.0326995099009901
0.0,0.10488879901024706,0.0,0.0,0.672,0.0,0.672,0.10414082743460001
0.0,1.0479533003802466,0.0,0.0,0.912,0.0,0.912,0.262728924261504
0.0,1.2814171097005114,0.0,0.0,1.864,0.0,1.864,0.421638644872313
0.0,3.138796298617759,0.0,0.0,0.9279999999999999,0.0,0.9279999999999999,0.545148201500117
0.0,3.371899798982776,0.0,0.0,1.24,0.0,1.24,0.618218542632376
0.0,4.214702468406661,0.0,0.0,0.6559999999999999,0.0,0.6559999999999999,0.65291066867464
0.0,4.185165615996981,0.0,0.0,0.64,0.0,0.64,0.6468065190270289
0.0,3.71445703481654,0.0,0.0,0.784,0.0,0.784,0.603011703066931
0.0,2.944459863982707,0.0,0.0,0.96,0.0,0.96,0.523387235648614
0.0,2.12177179755976,0.0,0.0,0.904,0.0,0.904,0.40560036266141897
0.0,1.073997543050247,0.0,0.0,0.8240000000000001,0.0,0.8240000000000001,0.254423843996602
0.6995100041964232,0.0,0.0,0.0,0.7964899958035768,0.0,1.496,0.106768339705811
2.389683026920899,0.0,0.0,0.0,0.02631697307910101,0.0,2.416,0.0035277524344839
1.8559999999999999,0.0,0.0,0.0,0.0,0.0,1.8559999999999999,0.0
1.7519999999999998,0.0,0.0,0.0,0.0,0.0,1.7519999999999998,0.0
1.3119999999999998,0.0,0.0,0.0,0.0,0.0,1.3119999999999998,0.0
1.056,0.0,0.0,0.0,0.0,0.0,1.056,0.0
0.728,0.0,0.0,0.0,0.0,0.0,0.728,0.0
0.64,0.0,0.0,0.0,0.0,0.0,0.64,0.0
0.6,0.0,0.0,0.0,0.0,0.0,0.6,0.0
0.528,0.0,0.0,0.0,0.0,0.0,0.528,0.0
0.672,0.0,0.0,0.0,0.0,0.0,0.672,0.0
0.7440000000000001,0.0,0.0,0.0,0.0,0.0,0.7440000000000001,0.0
0.4437695556488704,0.0,0.0,0.0,0.25223044435112957,0.0,0.696,0.0338111287128713
0.34267755520779486,0.0,0.0,0.0,0.8093224447922053,0.0,1.1520000000000001,0.108488511057735
0.0,1.3697675491388983,0.0,0.0,0.7440000000000001,0.0,0.7440000000000001,0.283347503339185
0.0,1.7476186479345281,0.0,0.0,1.6159999999999999,0.0,1.6159999999999999,0.45088824760586105
0.0,2.9052353238985376,0.0,0.0,1.368,0.0,1.368,0.5728210562702231
0.0,1.980892780263627,0.0,0.0,2.872,0.0,2.872,0.650523305564333
0.0,3.559249592334558,0.0,0.0,1.536,0.0,1.536,0.6830108880544311
0.0,3.795596325847784,0.0,0.0,1.256,0.0,1.256,0.67715923039384
0.0,3.4768535257303004,0.0,0.0,1.264,0.0,1.264,0.635504604448908
0.0,1.4551286117673414,0.0,0.0,2.688,0.0,2.688,0.55538043841938
0.0,0.5498281800114224,0.0,0.0,2.688,0.0,2.688,0.434026216090428
0.2785446419262776,0.0,0.0,0.0,2.0494553580737227,0.0,2.3280000000000003,0.274726546517318
1.8208117400419046,0.0,0.0,0.0,0.8591882599580957,0.0,2.68,0.11517295194386
2.486802257852802,0.0,0.0,0.0,0.017197742147198023,0.0,2.504,0.00230533262868226
1.496,0.0,0.0,0.0,0.0,0.0,1.496,0.0
2.384,0.0,0.0,0.0,0.0,0.0,2.384,0.0
1.536,0.0,0.0,0.0,0.0,0.0,1.536,0.0
1.24,0.0,0.0,0.0,0.0,0.0,1.24,0.0
1.032,0.0,0.0,0.0,0.0,0.0,1.032,0.0
0.8959999999999999,0.0,0.0,0.0,0.0,0.0,0.8959999999999999,0.0
0.8320000000000001,0.0,0.0,0.0,0.0,0.0,0.8320000000000001,0.0
0.872,0.0,0.0,0.0,0.0,0.0,0.872,0.0
0.7120000000000001,0.0,0.0,0.0,0.0,0.0,0.7120000000000001,0.0
1.08,0.0,0.0,0.0,0.0,0.0,1.08,0.0
1.088,0.0,0.0,0.0,0.0,0.0,1.088,0.0
0.4968603252383782,0.0,0.0,0.0,0.20713967476162187,0.0,0.7040000000000001,0.0277667758264651
0.0,0.16377927055066765,0.0,0.0,0.528,0.0,0.528,0.0927320174123148
0.0,0.6797330957057992,0.0,0.0,0.72,0.0,0.72,0.187632210633112
0.0,1.2746544847919898,0.0,0.0,0.8,0.0,0.8,0.27810445325302197
0.0,1.48683569885758,0.0,0.0,0.9440000000000001,0.0,0.9440000000000001,0.32585003331120693
0.0,1.858338589536306,0.0,0.0,0.792,0.0,0.792,0.355274080470455
0.0,2.0012023090570414,0.0,0.0,0.5920000000000001,0.0,0.5920000000000001,0.34761504415376904
0.0,1.7753528286550662,0.0,0.0,0.856,0.0,0.856,0.35272906649912894
0.0,1.2822122477763354,0.0,0.0,0.9440000000000001,0.0,0.9440000000000001,0.298420553654308
0.0,0.7376259742219632,0.0,0.0,0.912,0.0,0.912,0.22112999200393602
0.9483994201709238,0.0,0.0,0.0,1.0756005798290762,0.0,2.024,0.144182712526221
0.865308271767441,0.0,0.0,0.0,0.39869172823255905,0.0,1.264,0.0534440534119758
4.320140516949724,0.0,0.0,0.0,0.007859483050276329,0.0,4.328,0.00105355241201411
2.536,0.0,0.0,0.0,0.0,0.0,2.536,0.0
1.696,0.0,0.0,0.0,0.0,0.0,1.696,0.0
1.248,0.0,0.0,0.0,0.0,0.0,1.248,0.0
0.648,0.0,0.0,0.0,0.0,0.0,0.648,0.0
0.544,0.0,0.0,0.0,0.0,0.0,0.544,0.0
0.536,0.0,0.0,0.0,0.0,0.0,0.536,0.0
0.616,0.0,0.0,0.0,0.0,0.0,0.616,0.0
0.624,0.0,0.0,0.0,0.0,0.0,0.624,0.0
0.64,0.0,0.0,0.0,0.0,0.0,0.64,0.0
0.8,0.0,0.0,0.0,0.0,0.0,0.8,0.0
1.129156198159559,0.0,0.0,0.0,0.030843801840440877,0.0,1.16,0.00413456732673267
0.6440971676159148,0.0,0.0,0.0,0.2919028323840851,0.0,0.9359999999999999,0.0391291553356287
0.0,0.1940514462138928,0.0,0.0,0.8079999999999999,0.0,0.8079999999999999,0.13432355682524902
0.0,1.1762918125740323,0.0,0.0,0.5920000000000001,0.0,0.5920000000000001,0.237036977160562
0.0,1.5579741277575159,0.0,0.0,0.88,0.0,0.88,0.326806929450229
0.0,1.3887524773582438,0.0,0.0,1.48,0.0,1.48,0.384552148361204
0.0,2.2193353094423136,0.0,0.0,0.752,0.0,0.752,0.39830322963233294
0.0,2.3251784191552805,0.0,0.0,0.7040000000000001,0.0,0.7040000000000001,0.40605701539237105
0.0,1.7265301471009125,0.0,0.0,1.232,0.0,1.232,0.39658671601627
0.0,1.8784317951759177,0.0,0.0,0.752,0.0,0.752,0.352605603284399
0.0,0.0964485054561457,0.0,0.0,1.9280000000000002,0.0,1.9280000000000002,0.27137441384859196
0.20297562566371097,0.0,0.0,0.0,1.2850243743362892,0.0,1.4880000000000002,0.172255671323233
2.2585018779078263,0.0,0.0,0.0,0.5094981220921739,0.0,2.7680000000000002,0.0682974913252083
3.3809854363885936,0.0,0.0,0.0,0.011014563611406234,0.0,3.392,0.0014764864286680901
1.8,0.0,0.0,0.0,0.0,0.0,1.8,0.0
1.256,0.0,0.0,0.0,0.0,0.0,1.256,0.0
1.056,0.0,0.0,0.0,0.0,0.0,1.056,0.0
0.648,0.0,0.0,0.0,0.0,0.0,0.648,0.0
0.512,0.0,0.0,0.0,0.0,0.0,0.512,0.0
0.584,0.0,0.0,0.0,0.0,0.0,0.584,0.0
0.46399999999999997,0.0,0.0,0.0,0.0,0.0,0.46399999999999997,0.0
0.5760000000000001,0.0,0.0,0.0,0.0,0.0,0.5760000000000001,0.0
0.688,0.0,0.0,0.0,0.0,0.0,0.688,0.0
0.88,0.0,0.0,0.0,0.0,0.0,0.88,0.0
1.2163788889597813,0.0,0.0,0.0,0.19162111104021876,0.0,1.4080000000000001,0.0256865346534653
0.5022850985356595,0.0,0.0,0.0,0.35371490146434054,0.0,0.856,0.047414974397074004
0.0,0.34218999428057995,0.0,0.0,0.624,0.0,0.624,0.129516380711886
0.0,1.2652063112510006,0.0,0.0,0.5920000000000001,0.0,0.5920000000000001,0.24895583797429602
0.0,1.5423470459098645,0.0,0.0,0.696,0.0,0.696,0.300047205911346
0.0,2.4494496162673998,0.0,0.0,1.1520000000000001,0.0,1.1520000000000001,0.482769147244666
0.0,3.763796085045481,0.0,0.0,0.872,0.0,0.872,0.621421805449853
0.0,4.100891787452206,0.0,0.0,0.632,0.0,0.632,0.634437344870504
0.0,2.9748689315795875,0.0,0.0,1.048,0.0,1.048,0.539259801054382
0.0,2.44109450640455,0.0,0.0,0.848,0.0,0.848,0.44089839349459997
0.0,0.7627262735231819,0.0,0.0,1.1520000000000001,0.0,1.1520000000000001,0.256666306284128
0.18258933099916086,0.0,0.0,0.0,1.169410669000839,0.0,1.3519999999999999,0.156757820212813
2.4689920284577513,0.0,0.0,0.0,0.4990079715422486,0.0,2.968,0.0668913017140638
1.802691687445728,0.0,0.0,0.0,0.013308312554271944,0.0,1.8159999999999998,0.0017839601792764101
1.76,0.0,0.0,0.0,0.0,0.0,1.76,0.0
1.736,0.0,0.0,0.0,0.0,0.0,1.736,0.0
0.8640000000000001,0.0,0.0,0.0,0.0,0.0,0.8640000000000001,0.0
0.528,0.0,0.0,0.0,0.0,0.0,0.528,0.0
0.624,0.0,0.0,0.0,0.0,0.0,0.624,0.0
0.496,0.0,0.0,0.0,0.0,0.0,0.496,0.0
0.688,0.0,0.0,0.0,0.0,0.0,0.688,0.0
0.6559999999999999,0.0,0.0,0.0,0.0,0.0,0.6559999999999999,0.0
0.6559999999999999,0.0,0.0,0.0,0.0,0.0,0.6559999999999999,0.0
1.224,0.0,0.0,0.0,0.0,0.0,1.224,0.0
1.2559305833540766,0.0,0.0,0.0,0.05606941664592329,0.0,1.3119999999999998,0.00751602475247525
0.23626734627711765,0.0,0.0,0.0,0.7877326537228824,0.0,1.024,0.10559443058062701
0.0,1.3772604071365917,0.0,0.0,0.608,0.0,0.608,0.266121305566189
0.0,2.48861598691374,0.0,0.0,0.7120000000000001,0.0,0.7120000000000001,0.429037975064446
0.0,3.152092986649004,0.0,0.0,1.0,0.0,1.0,0.556582099994112
0.0,3.7875889522164172,0.0,0.0,0.9359999999999999,0.0,0.9359999999999999,0.6331903131715311
0.0,4.164024635127995,0.0,0.0,0.76,0.0,0.76,0.660058428521403
0.0,4.206524251829298,0.0,0.0,0.672,0.0,0.672,0.653959167505728
0.0,3.222795118013262,0.0,0.0,1.304,0.0,1.304,0.6068103824091701
0.0,3.06515400647869,0.0,0.0,0.784,0.0,0.784,0.5159735649021879
0.0,1.4602643463420621,0.0,0.0,1.456,0.0,1.456,0.390921046143284
1.0656300735383106,0.0,0.0,0.0,1.7503699264616897,0.0,2.8160000000000003,0.23463457407365199
0.9101301249025018,0.0,0.0,0.0,0.6498698750974983,0.0,1.56,0.0871141231585461
2.5166279740570157,0.0,0.0,0.0,0.003372025942984428,0.0,2.52,0.000452015233429442
1.744,0.0,0.0,0.0,0.0,0.0,1.744,0.0
2.392,0.0,0.0,0.0,0.0,0.0,2.392,0.0
1.1440000000000001,0.0,0.0,0.0,0.0,0.0,1.1440000000000001,0.0
0.768,0.0,0.0,0.0,0.0,0.0,0.768,0.0
0.688,0.0,0.0,0.0,0.0,0.0,0.688,0.0
0.584,0.0,0.0,0.0,0.0,0.0,0.584,0.0
0.544,0.0,0.0,0.0,0.0,0.0,0.544,0.0
0.584,0.0,0.0,0.0,0.0,0.0,0.584,0.0
0.7120000000000001,0.0,0.0,0.0,0.0,0.0,0.7120000000000001,0.0
0.968,0.0,0.0,0.0,0.0,0.0,0.968,0.0
1.316823370395223,0.0,0.0,0.0,0.06717662960477704,0.0,1.3840000000000001,0.00900493069306931
0.32043976881474157,0.0,0.0,0.0,0.7115602311852585,0.0,1.032,0.0953836267681994
0.0,0.9090530949919664,0.0,0.0,0.8320000000000001,0.0,0.8320000000000001,0.233385666199627
0.0,1.5385173711316789,0.0,0.0,0.664,0.0,0.664,0.295244289479977
0.0,2.56717461661087,0.0,0.0,0.496,0.0,0.496,0.41061415682260605
0.0,2.637705876783815,0.0,0.0,0.784,0.0,0.784,0.458674757185423
0.0,3.1697530177197746,0.0,0.0,0.536,0.0,0.536,0.496750868367859
0.0,3.098036333787654,0.0,0.0,0.8640000000000001,0.0,0.8640000000000001,0.531105278712035
0.0,2.824890196604637,0.0,0.0,1.08,0.0,1.08,0.523444921118371
0.0,2.702228284121168,0.0,0.0,0.8079999999999999,0.0,0.8079999999999999,0.4705410587183571
0.0,1.73507592062015,0.0,0.0,0.8079999999999999,0.0,0.8079999999999999,0.34089567379500396
0.6094306667717828,0.0,0.0,0.0,1.5265693332282173,0.0,2.136,0.204634426060988
2.230412328167691,0.0,0.0,0.0,0.47358767183230877,0.0,2.7039999999999997,0.0634837470565616
4.12,0.0,0.0,0.0,0.0,0.0,4.12,0.0
3.2560000000000002,0.0,0.0,0.0,0.0,0.0,3.2560000000000002,0.0
1.744,0.0,0.0,0.0,0.0,0.0,1.744,0.0
1.344,0.0,0.0,0.0,0.0,0.0,1.344,0.0
0.9440000000000001,0.0,0.0,0.0,0.0,0.0,0.9440000000000001,0.0
0.728,0.0,0.0,0.0,0.0,0.0,0.728,0.0
0.6559999999999999,0.0,0.0,0.0,0.0,0.0,0.6559999999999999,0.0
0.7040000000000001,0.0,0.0,0.0,0.0,0.0,0.7040000000000001,0.0
0.7120000000000001,0.0,0.0,0.0,0.0,0.0,0.7120000000000001,0.0
0.72,0.0,0.0,0.0,0.0,0.0,0.72,0.0
0.8,0.0,0.0,0.0,0.0,0.0,0.8,0.0
0.7386683055723264,0.0,0.0,0.0,0.045331694427673604,0.0,0.784,0.00607664851485149
0.07224133944981515,0.0,0.0,0.0,0.6637586605501848,0.0,0.736,0.0889758948959519
0.0,0.8560601567432786,0.0,0.0,0.8320000000000001,0.0,0.8320000000000001,0.226282038956655
2.7132615032357745,0.0,0.0,0.0,2.702738496764226,0.0,5.416,0.36229821275703705
0.0,0.18007773256548498,0.0,0.0,3.392,0.0,3.392,0.478831888429856
0.0,1.0981337738332577,0.0,0.0,3.12,0.0,3.12,0.565434772642453
0.0,3.3201560108594874,0.0,0.0,1.216,0.0,1.216,0.608065196647417
0.0,1.8746567040080637,0.0,0.0,2.728,0.0,2.728,0.6169795190295779
0.0,2.2001280581952605,0.0,0.0,1.9680000000000002,0.0,1.9680000000000002,0.558731578299022
0.0,1.4302852595863538,0.0,0.0,2.2159999999999997,0.0,2.2159999999999997,0.488779300821017
0.0,1.1163248926056133,0.0,0.0,1.76,0.0,1.76,0.38556721974663793
0.0,0.1622277751504182,0.0,0.0,1.6,0.0,1.6,0.236224101655478
2.401967040863945,0.0,0.0,0.0,0.5340329591360552,0.0,2.9360000000000004,0.0715863509843745
1.88,0.0,0.0,0.0,0.0,0.0,1.88,0.0
2.104,0.0,0.0,0.0,0.0,0.0,2.104,0.0
2.1519999999999997,0.0,0.0,0.0,0.0,0.0,2.1519999999999997,0.0
1.7919999999999998,0.0,0.0,0.0,0.0,0.0,1.7919999999999998,0.0
1.296,0.0,0.0,0.0,0.0,0.0,1.296,0.0
0.848,0.0,0.0,0.0,0.0,0.0,0.848,0.0
0.768,0.0,0.0,0.0,0.0,0.0,0.768,0.0
0.624,0.0,0.0,0.0,0.0,0.0,0.624,0.0
0.608,0.0,0.0,0.0,0.0,0.0,0.608,0.0
0.47200000000000003,0.0,0.0,0.0,0.0,0.0,0.47200000000000003,0.0
0.648,0.0,0.0,0.0,0.0,0.0,0.648,0.0
0.6686761296486173,0.0,0.0,0.0,0.051323870351382625,0.0,0.72,0.00687989108910891
0.3342475666515935,0.0,0.0,0.0,0.6177524333484066,0.0,0.9520000000000001,0.0828088262317605
0.0,0.5970321923402325,0.0,0.0,0.92,0.0,0.92,0.20335598602594
0.0,1.0656933919266833,0.0,0.0,0.9279999999999999,0.0,0.9279999999999999,0.26725173506253697
0.0,1.9587995701995902,0.0,0.0,1.432,0.0,1.432,0.45453181118758
0.0,1.6676539266826131,0.0,0.0,1.8,0.0,1.8,0.4648340272657271
0.0,2.091485537103238,0.0,0.0,1.712,0.0,1.712,0.509851772189395
0.0,2.062231640097327,0.0,0.0,1.464,0.0,1.464,0.472686285596658
0.0,1.4421945104144174,0.0,0.0,1.5119999999999998,0.0,1.5119999999999998,0.396005530146989
0.0,1.507277373129819,0.0,0.0,1.8,0.0,1.8,0.44333578065775
0.0,1.416537548112285,0.0,0.0,1.3840000000000001,0.0,1.3840000000000001,0.3754080350928479
0.0,0.35072341165766496,0.0,0.0,1.44,0.0,1.44,0.240043900792653
2.2028966483338497,0.0,0.0,0.0,0.5331033516661503,0.0,2.736,0.071461738438501
3.519383324489674,0.0,0.0,0.0,0.008616675510326,0.0,3.528,0.00115505297350666
2.176,0.0,0.0,0.0,0.0,0.0,2.176,0.0
1.608,0.0,0.0,0.0,0.0,0.0,1.608,0.0
1.168,0.0,0.0,0.0,0.0,0.0,1.168,0.0
0.8320000000000001,0.0,0.0,0.0,0.0,0.0,0.8320000000000001,0.0
0.728,0.0,0.0,0.0,0.0,0.0,0.728,0.0
0.64,0.0,0.0,0.0,0.0,0.0,0.64,0.0
0.672,0.0,0.0,0.0,0.0,0.0,0.672,0.0
0.36,0.0,0.0,0.0,0.0,0.0,0.36,0.0
0.568,0.0,0.0,0.0,0.0,0.0,0.568,0.0
0.624,0.0,0.0,0.0,0.0,0.0,0.624,0.0
1.0717608518667388,0.0,0.0,0.0,0.0402391481332613,0.0,1.112,0.0053939999999999995
0.4607904950979871,0.0,0.0,0.0,0.579209504902013,0.0,1.04,0.0776422020440084
0.0,0.28369165766534543,0.0,0.0,0.992,0.0,0.992,0.171004634060805
0.0,1.0681285738712405,0.0,0.0,0.8320000000000001,0.0,0.8320000000000001,0.254709505616733
0.0,1.2569951649726798,0.0,0.0,1.1840000000000002,0.0,1.1840000000000002,0.32721189514892196
0.0,1.1583323695961085,0.0,0.0,1.7519999999999998,0.0,1.7519999999999998,0.390125873182323
0.0,1.0627856092900032,0.0,0.0,1.984,0.0,1.984,0.408417233935571
0.0,1.7027714417941562,0.0,0.0,1.104,0.0,1.104,0.37624367958533705
0.0,0.5593212169494435,0.0,0.0,1.96,0.0,1.96,0.337711389893778
0.0,0.0,0.0,0.0,2.072,0.0,2.072,0.277748623380069
0.0,0.27993605219046724,0.0,0.0,1.12,0.0,1.12,0.18765941665831598
0.0,0.15349065230412962,0.0,0.0,0.616,0.0,0.616,0.103149116496768
1.6320213065797609,0.0,0.0,0.0,0.11997869342023887,0.0,1.7519999999999998,0.0160829714924762
2.8480000000000003,0.0,0.0,0.0,0.0,0.0,2.8480000000000003,0.0
1.5519999999999998,0.0,0.0,0.0,0.0,0.0,1.5519999999999998,0.0
1.368,0.0,0.0,0.0,0.0,0.0,1.368,0.0
1.104,0.0,0.0,0.0,0.0,0.0,1.104,0.0
0.7440000000000001,0.0,0.0,0.0,0.0,0.0,0.7440000000000001,0.0
0.584,0.0,0.0,0.0,0.0,0.0,0.584,0.0
0.584,0.0,0.0,0.0,0.0,0.0,0.584,0.0
0.488,0.0,0.0,0.0,0.0,0.0,0.488,0.0
0.5920000000000001,0.0,0.0,0.0,0.0,0.0,0.5920000000000001,0.0
0.696,0.0,0.0,0.0,0.0,0.0,0.696,0.0
0.9520000000000001,0.0,0.0,0.0,0.0,0.0,0.9520000000000001,0.0
1.2911633796432578,0.0,0.0,0.0,0.036836620356742324,0.0,1.328,0.0049378960396039605
0.4093904026759294,0.0,0.0,0.0,0.6866095973240705,0.0,1.0959999999999999,0.0920390301430039
0.0,0.7358064692057054,0.0,0.0,0.9359999999999999,0.0,0.9359999999999999,0.224103255492171
0.0,1.758360039807025,0.0,0.0,0.904,0.0,0.904,0.356885538609318
0.0,1.7967580739655626,0.0,0.0,1.416,0.0,1.416,0.43066560439051005
0.0,2.813271217052086,0.0,0.0,1.0959999999999999,0.0,1.0959999999999999,0.5240321906156099
0.0,1.7220973667151727,0.0,0.0,2.3280000000000003,0.0,2.3280000000000003,0.5429097336681379
0.0,2.0280292988345723,0.0,0.0,1.6640000000000001,0.0,1.6640000000000001,0.49491122356669104
0.0,2.1123885462605956,0.0,0.0,1.032,0.0,1.032,0.42150076742081893
0.0,1.6352682546591732,0.0,0.0,0.888,0.0,0.888,0.338240484628482
0.0,0.9790435417932457,0.0,0.0,0.8959999999999999,0.0,0.8959999999999999,0.25134689310365
0.0,0.004261962569390931,0.0,0.0,1.008,0.0,1.008,0.135692261874351
2.8016025071822876,0.0,0.0,0.0,0.21439749281771237,0.0,3.016,0.0287396759103561
2.3040000000000003,0.0,0.0,0.0,0.0,0.0,2.3040000000000003,0.0
1.7519999999999998,0.0,0.0,0.0,0.0,0.0,1.7519999999999998,0.0
1.4240000000000002,0.0,0.0,0.0,0.0,0.0,1.4240000000000002,0.0
1.28,0.0,0.0,0.0,0.0,0.0,1.28,0.0
0.7440000000000001,0.0,0.0,0.0,0.0,0.0,0.7440000000000001,0.0
0.5920000000000001,0.0,0.0,0.0,0.0,0.0,0.5920000000000001,0.0
0.52,0.0,0.0,0.0,0.0,0.0,0.52,0.0
0.56,0.0,0.0,0.0,0.0,0.0,0.56,0.0
0.56,0.0,0.0,0.0,0.0,0.0,0.56,0.0
0.76,0.0,0.0,0.0,0.0,0.0,0.76,0.0
0.752,0.0,0.0,0.0,0.0,0.0,0.752,0.0
0.8829194722329808,0.0,0.0,0.0,0.02908052776701917,0.0,0.912,0.0038982029702970297
0.41245018535224065,0.0,0.0,0.0,0.45154981464775945,0.0,0.8640000000000001,0.06052960396039599
0.0,0.04975376429841738,0.0,0.0,0.8079999999999999,0.0,0.8079999999999999,0.11498065986146601
0.0,1.127160659566465,0.0,0.0,0.752,0.0,0.752,0.251898786826529
0.0,0.7837889662519696,0.0,0.0,0.9520000000000001,0.0,0.9520000000000001,0.232680017304439
0.25292179679730675,0.0,0.0,0.0,1.3790782032026931,0.0,1.632,0.184863451965737
0.8588751762951994,0.0,0.0,0.0,1.3091248237048008,0.0,2.168,0.17548630193855402
2.748700448401376,0.0,0.0,0.0,0.6992995515986241,0.0,3.448,0.09374010028321302
1.3583902393986127,0.0,0.0,0.0,0.3376097606013873,0.0,1.696,0.0452561034009218
1.3241567839311128,0.0,0.0,0.0,0.23584321606888722,0.0,1.56,0.0316144443034081
0.9367928745869506,0.0,0.0,0.0,0.1672071254130495,0.0,1.104,0.0224138749530951
1.8740758851811539,0.0,0.0,0.0,0.07792411481884604,0.0,1.952,0.0104456156462572
2.728775429882064,0.0,0.0,0.0,0.00722457011793651,0.0,2.736,0.0009684432455451971
3.472,0.0,0.0,0.0,0.0,0.0,3.472,0.0
2.024,0.0,0.0,0.0,0.0,0.0,2.024,0.0
1.504,0.0,0.0,0.0,0.0,0.0,1.504,0.0
1.088,0.0,0.0,0.0,0.0,0.0,1.088,0.0
0.84,0.0,0.0,0.0,0.0,0.0,0.84,0.0
1.032,0.0,0.0,0.0,0.0,0.0,1.032,0.0
0.976,0.0,0.0,0.0,0.0,0.0,0.976,0.0
0.9520000000000001,0.0,0.0,0.0,0.0,0.0,0.9520000000000001,0.0
0.816,0.0,0.0,0.0,0.0,0.0,0.816,0.0
0.8,0.0,0.0,0.0,0.0,0.0,0.8,0.0
1.032,0.0,0.0,0.0,0.0,0.0,1.032,0.0
1.0747180194552777,0.0,0.0,0.0,0.029281980544722388,0.0,1.104,0.0039252074257425705
0.40887818286401356,0.0,0.0,0.0,0.5191218171359864,0.0,0.9279999999999999,0.06958753382050199
0.0,0.0979811196237772,0.0,0.0,1.024,0.0,1.024,0.150399957255759
0.0,0.41581516660127993,0.0,0.0,1.288,0.0,1.288,0.228393975394589
0.0,0.3304025929363845,0.0,0.0,1.736,0.0,1.736,0.27699829900438505
0.0,1.0800943317832055,0.0,0.0,1.232,0.0,1.232,0.30993292363785996
0.0,1.5044791835669784,0.0,0.0,0.88,0.0,0.88,0.31963600903193
0.0,1.4568920456546066,0.0,0.0,0.92,0.0,0.92,0.318618964094403
0.0,0.9212162050952617,0.0,0.0,1.256,0.0,1.256,0.29185270452026396
0.0,0.6279792875420931,0.0,0.0,1.176,0.0,1.176,0.24182083191166698
0.0,0.0267090566191146,0.0,0.0,1.28,0.0,1.28,0.175162471831191
0.4818192967135977,0.0,0.0,0.0,0.6141807032864022,0.0,1.0959999999999999,0.0823300409480699
0.7599074957806614,0.0,0.0,0.0,0.09609250421933858,0.0,0.856,0.0128810621448189
3.5839999999999996,0.0,0.0,0.0,0.0,0.0,3.5839999999999996,0.0
1.864,0.0,0.0,0.0,0.0,0.0,1.864,0.0
1.72,0.0,0.0,0.0,0.0,0.0,1.72,0.0
2.6239999999999997,0.0,0.0,0.0,0.0,0.0,2.6239999999999997,0.0
1.024,0.0,0.0,0.0,0.0,0.0,1.024,0.0
0.5920000000000001,0.0,0.0,0.0,0.0,0.0,0.5920000000000001,0.0
0.544,0.0,0.0,0.0,0.0,0.0,0.544,0.0
0.6559999999999999,0.0,0.0,0.0,0.0,0.0,0.6559999999999999,0.0
0.648,0.0,0.0,0.0,0.0,0.0,0.648,0.0
0.68,0.0,0.0,0.0,0.0,0.0,0.68,0.0
0.888,0.0,0.0,0.0,0.0,0.0,0.888,0.0
1.0734035963076158,0.0,0.0,0.0,0.030596403692384283,0.0,1.104,0.00410140396039604
0.33066671871278164,0.0,0.0,0.0,0.5253332812872183,0.0,0.856,0.070420171666631
0.0,0.7677425771267281,0.0,0.0,0.736,0.0,0.736,0.201574532198333
0.0,1.725424676478795,0.0,0.0,0.7440000000000001,0.0,0.7440000000000001,0.33102283032469
0.0,2.2281535894669933,0.0,0.0,0.792,0.0,0.792,0.40484724993765997
0.0,1.9928732054262241,0.0,0.0,1.256,0.0,1.256,0.43550678588008
0.0,2.684422783245784,0.0,0.0,1.024,0.0,1.024,0.49710874660125504
0.0,1.3462622188254283,0.0,0.0,2.072,0.0,2.072,0.45821313978323497
0.0,1.1721508343782283,0.0,0.0,1.84,0.0,1.84,0.40377449211471
0.0,1.2743068157451876,0.0,0.0,0.9520000000000001,0.0,0.9520000000000001,0.298433230354677
0.0,0.28882853004767617,0.0,0.0,0.888,0.0,0.888,0.157752173829697
0.43516460638410615,0.0,0.0,0.0,0.684835393615894,0.0,1.12,0.0918012006847308
3.116322036452426,0.0,0.0,0.0,0.15567796354757413,0.0,3.272,0.0208684073677371
2.864,0.0,0.0,0.0,0.0,0.0,2.864,0.0
2.016,0.0,0.0,0.0,0.0,0.0,2.016,0.0
2.04,0.0,0.0,0.0,0.0,0.0,2.04,0.0
1.344,0.0,0.0,0.0,0.0,0.0,1.344,0.0
0.6079999999999979,0.0,0.0,0.0,0.0,0.0,0.608,0.0
0.68,0.0,0.0,0.0,0.0,0.0,0.68,0.0
0.496,0.0,0.0,0.0,0.0,0.0,0.496,0.0
0.7759999999999999,0.0,0.0,0.0,0.0,0.0,0.7759999999999999,0.0
0.751999999999998,0.0,0.0,0.0,0.0,0.0,0.752,0.0
0.7040000000000001,0.0,0.0,0.0,0.0,0.0,0.7040000000000001,0.0
0.5920000000000001,0.0,0.0,0.0,0.0,0.0,0.5920000000000001,0.0
1.088,0.0,0.0,0.0,0.0,0.0,1.088,0.0
0.40760106257856155,0.0,0.0,0.0,0.5123989374214385,0.0,0.92,0.0686863414528063
0.0,0.5222952018895435,0.0,0.0,1.064,0.0,1.064,0.21264059295329601
0.0,1.3121167994412484,0.0,0.0,1.12,0.0,1.12,0.326021763004028
0.0,2.1121831852122996,0.0,0.0,1.3840000000000001,0.0,1.3840000000000001,0.46865833338670904
0.0,1.9291865743691543,0.0,0.0,1.704,0.0,1.704,0.48702344088512606
0.0,1.9329117292234934,0.0,0.0,2.416,0.0,2.416,0.582965369687867
0.0,2.0676066901127146,0.0,0.0,2.2319999999999998,0.0,2.2319999999999998,0.576356100026323
0.0,2.372998524894611,0.0,0.0,1.52,0.0,1.52,0.52185085960913
0.0,1.6204691992413145,0.0,0.0,1.584,0.0,1.584,0.42955449264146095
0.0,0.6812631577410813,0.0,0.0,1.712,0.0,1.712,0.320813488150976
0.0,0.03799641849637614,0.0,0.0,1.456,0.0,1.456,0.20026807363519397
3.005661967948435,0.0,0.0,0.0,0.4503380320515652,0.0,3.4560000000000004,0.0603671662442141
2.68,0.0,0.0,0.0,0.0,0.0,2.68,0.0
1.808,0.0,0.0,0.0,0.0,0.0,1.808,0.0
1.544,0.0,0.0,0.0,0.0,0.0,1.544,0.0
1.48,0.0,0.0,0.0,0.0,0.0,1.48,0.0
0.992,0.0,0.0,0.0,0.0,0.0,0.992,0.0
0.84,0.0,0.0,0.0,0.0,0.0,0.84,0.0
0.792,0.0,0.0,0.0,0.0,0.0,0.792,0.0
0.728,0.0,0.0,0.0,0.0,0.0,0.728,0.0
0.8240000000000001,0.0,0.0,0.0,0.0,0.0,0.8240000000000001,0.0
0.5760000000000001,0.0,0.0,0.0,0.0,0.0,0.5760000000000001,0.0
0.752,0.0,0.0,0.0,0.0,0.0,0.752,0.0
0.7040000000000001,0.0,0.0,0.0,0.0,0.0,0.7040000000000001,0.0
0.6414887936682134,0.0,0.0,0.0,0.2545112063317864,0.0,0.8959999999999999,0.0341168615798525
0.04372200570871121,0.0,0.0,0.0,0.9002779942912889,0.0,0.9440000000000001,0.12068097180201501
0.0,0.823681483928675,0.0,0.0,1.024,0.0,1.024,0.247679048555035
0.0,0.21735453207844113,0.0,0.0,2.248,0.0,2.248,0.330477233314962
1.309834605074593,0.0,0.0,0.0,2.842165394925407,0.0,4.152,0.380988188155889
0.0,0.3724312940150014,0.0,0.0,2.68,0.0,2.68,0.409174029862408
0.0,1.4198745611913328,0.0,0.0,1.712,0.0,1.712,0.41982328569978294
0.0,1.9283289590987367,0.0,0.0,1.5919999999999999,0.0,1.5919999999999999,0.471895039688545
0.0,1.3199165353840168,0.0,0.0,1.464,0.0,1.464,0.37318001221424796
0.0,0.8449549104790977,0.0,0.0,1.248,0.0,1.248,0.28055759902612204
0.0,0.1524829165505157,0.0,0.0,1.0959999999999999,0.0,1.0959999999999999,0.167357341402239
1.9314857046708036,0.0,0.0,0.0,0.2285142953291966,0.0,2.16,0.0306320130069261
3.3280000000000003,0.0,0.0,0.0,0.0,0.0,3.3280000000000003,0.0
2.6319999999999997,0.0,0.0,0.0,0.0,0.0,2.6319999999999997,0.0
1.72,0.0,0.0,0.0,0.0,0.0,1.72,0.0
1.4480000000000002,0.0,0.0,0.0,0.0,0.0,1.4480000000000002,0.0
1.3519999999999999,0.0,0.0,0.0,0.0,0.0,1.3519999999999999,0.0
1.6880000000000002,0.0,0.0,0.0,0.0,0.0,1.6880000000000002,0.0
1.168,0.0,0.0,0.0,0.0,0.0,1.168,0.0
1.04,0.0,0.0,0.0,0.0,0.0,1.04,0.0
0.8640000000000001,0.0,0.0,0.0,0.0,0.0,0.8640000000000001,0.0
0.616,0.0,0.0,0.0,0.0,0.0,0.616,0.0
0.584,0.0,0.0,0.0,0.0,0.0,0.584,0.0
0.504,0.0,0.0,0.0,0.0,0.0,0.504,0.0
0.5217848847934508,0.0,0.0,0.0,0.31821511520654916,0.0,0.84,0.0426562790479484
0.0,0.45810372808259625,0.0,0.0,0.7120000000000001,0.0,0.7120000000000001,0.156850723787079
0.0,1.1745963369460934,0.0,0.0,1.032,0.0,1.032,0.295791068987587
0.0,1.3164018189321458,0.0,0.0,1.36,0.0,1.36,0.358767818928724
0.0,0.17629338857070076,0.0,0.0,3.0239999999999996,0.0,3.0239999999999996,0.428994731220004
0.0,1.2926021754911536,0.0,0.0,2.128,0.0,2.128,0.458526807612711
0.0,0.8678032685719588,0.0,0.0,2.496,0.0,2.496,0.450912995737084
0.0,1.1023194029088579,0.0,0.0,1.976,0.0,1.976,0.41264429366896294
0.0,0.14496275449877727,0.0,0.0,2.6239999999999997,0.0,2.6239999999999997,0.37117547936907297
0.0,0.6512850146550975,0.0,0.0,1.5919999999999999,0.0,1.5919999999999999,0.300709133527795
0.28150367102361606,0.0,0.0,0.0,1.3744963289763839,0.0,1.656,0.184249258307987
2.2085020331232004,0.0,0.0,0.0,0.39949796687679995,0.0,2.608,0.0535521285439998
2.8160000000000003,0.0,0.0,0.0,0.0,0.0,2.8160000000000003,0.0
2.448,0.0,0.0,0.0,0.0,0.0,2.448,0.0
1.5519999999999998,0.0,0.0,0.0,0.0,0.0,1.5519999999999998,0.0
1.264,0.0,0.0,0.0,0.0,0.0,1.264,0.0
0.8,0.0,0.0,0.0,0.0,0.0,0.8,0.0
0.664,0.0,0.0,0.0,0.0,0.0,0.664,0.0
0.608,0.0,0.0,0.0,0.0,0.0,0.608,0.0
0.48,0.0,0.0,0.0,0.0,0.0,0.48,0.0
0.7120000000000001,0.0,0.0,0.0,0.0,0.0,0.7120000000000001,0.0
0.72,0.0,0.0,0.0,0.0,0.0,0.72,0.0
0.72,0.0,0.0,0.0,0.0,0.0,0.72,0.0
0.96,0.0,0.0,0.0,0.0,0.0,0.96,0.0
0.6362370875442995,0.0,0.0,0.0,0.2357629124557005,0.0,0.872,0.031603679719424
0.0,0.3356231226403483,0.0,0.0,0.688,0.0,0.688,0.137215209060504
0.0,1.5093014270116547,0.0,0.0,0.632,0.0,0.632,0.287038380113062
0.0,2.153830486354807,0.0,0.0,0.904,0.0,0.904,0.4098977838391189
0.0,1.933226500889287,0.0,0.0,1.736,0.0,1.736,0.491854541260457
0.0,1.8890693314127904,0.0,0.0,1.72,0.0,1.72,0.483790559113479
0.0,2.4844247239507142,0.0,0.0,1.04,0.0,1.04,0.472444071083007
0.0,2.2301258504234545,0.0,0.0,0.976,0.0,0.976,0.42977656435249395
0.0,1.6548292751118305,0.0,0.0,1.04,0.0,1.04,0.361237992956863
0.0,1.2876269067837232,0.0,0.0,0.96,0.0,0.96,0.301291157930107
0.7236977869538843,0.0,0.0,0.0,1.0843022130461157,0.0,1.808,0.145349153958263
2.359132367944808,0.0,0.0,0.0,0.2568676320551921,0.0,2.616,0.0344327370628512
2.112,0.0,0.0,0.0,0.0,0.0,2.112,0.0
2.496,0.0,0.0,0.0,0.0,0.0,2.496,0.0
2.496,0.0,0.0,0.0,0.0,0.0,2.496,0.0
1.256,0.0,0.0,0.0,0.0,0.0,1.256,0.0
1.136,0.0,0.0,0.0,0.0,0.0,1.136,0.0
0.7040000000000001,0.0,0.0,0.0,0.0,0.0,0.7040000000000001,0.0
0.584,0.0,0.0,0.0,0.0,0.0,0.584,0.0
0.648,0.0,0.0,0.0,0.0,0.0,0.648,0.0
0.5920000000000001,0.0,0.0,0.0,0.0,0.0,0.5920000000000001,0.0
0.664,0.0,0.0,0.0,0.0,0.0,0.664,0.0
0.784,0.0,0.0,0.0,0.0,0.0,0.784,0.0
1.08,0.0,0.0,0.0,0.0,0.0,1.08,0.0
0.6619393306538317,0.0,0.0,0.0,0.4820606693461684,0.0,1.1440000000000001,0.0646195402010487
0.0,0.78772060461109,0.0,0.0,0.84,0.0,0.84,0.21819360867669102
0.0,1.8112119765589538,0.0,0.0,0.9359999999999999,0.0,0.9359999999999999,0.368259818833247
0.0,2.731933335579483,0.0,0.0,0.856,0.0,0.856,0.48095730923584
0.0,3.1324582931051577,0.0,0.0,1.072,0.0,1.072,0.563601594096946
0.0,3.4093547997392015,0.0,0.0,1.024,0.0,1.024,0.5942848419802049
0.0,3.5540316925273485,0.0,0.0,0.856,0.0,0.856,0.59115841296426
0.0,3.144614521637684,0.0,0.0,1.024,0.0,1.024,0.5587967880246291
0.0,2.625715505815972,0.0,0.0,0.8240000000000001,0.0,0.8240000000000001,0.462429407718757
0.0,1.5736630715402202,0.0,0.0,0.976,0.0,0.976,0.34177867191278694
0.0,0.15774619327923256,0.0,0.0,1.256,0.0,1.256,0.18951064623171804
1.6191059823369707,0.0,0.0,0.0,0.3248940176630292,0.0,1.944,0.0435515763273775
3.32,0.0,0.0,0.0,0.0,0.0,3.32,0.0
1.88,0.0,0.0,0.0,0.0,0.0,1.88,0.0
1.6,0.0,0.0,0.0,0.0,0.0,1.6,0.0
1.432,0.0,0.0,0.0,0.0,0.0,1.432,0.0
0.968,0.0,0.0,0.0,0.0,0.0,0.968,0.0
0.624,0.0,0.0,0.0,0.0,0.0,0.624,0.0
0.696,0.0,0.0,0.0,0.0,0.0,0.696,0.0
0.52,0.0,0.0,0.0,0.0,0.0,0.52,0.0
0.52,0.0,0.0,0.0,0.0,0.0,0.52,0.0
0.47200000000000003,0.0,0.0,0.0,0.0,0.0,0.47200000000000003,0.0
0.608,0.0,0.0,0.0,0.0,0.0,0.608,0.0
0.728,0.0,0.0,0.0,0.0,0.0,0.728,0.0
0.28040134698309266,0.0,0.0,0.0,0.45559865301690733,0.0,0.736,0.0610723449272489
0.0,0.8721473404733991,0.0,0.0,0.84,0.0,0.84,0.22951089133220698
0.0,2.0025022893021265,0.0,0.0,0.88,0.0,0.88,0.38639529089940294
0.0,2.742571636185431,0.0,0.0,1.032,0.0,1.032,0.50597590530886
0.0,1.6470360744254062,0.0,0.0,2.6719999999999997,0.0,2.6719999999999997,0.578960581081329
0.0,3.673439380483514,0.0,0.0,0.9359999999999999,0.0,0.9359999999999999,0.6178887270671689
0.0,3.5495304082146877,0.0,0.0,0.968,0.0,0.968,0.605568461370285
0.0,3.257800929516142,0.0,0.0,0.856,0.0,0.856,0.5514491047455389
0.0,2.0848569990012606,0.0,0.0,1.368,0.0,1.368,0.462850520367199
0.0,0.617836033526594,0.0,0.0,1.912,0.0,1.912,0.33912088595043705
0.6399911110305405,0.0,0.0,0.0,1.4160088889694595,0.0,2.056,0.18981395733842102
2.185103823037105,0.0,0.0,0.0,0.3268961769628949,0.0,2.512,0.0438199629052372
2.608,0.0,0.0,0.0,0.0,0.0,2.608,0.0
2.48,0.0,0.0,0.0,0.0,0.0,2.48,0.0
1.912,0.0,0.0,0.0,0.0,0.0,1.912,0.0
2.16,0.0,0.0,0.0,0.0,0.0,2.16,0.0
1.0,0.0,0.0,0.0,0.0,0.0,1.0,0.0
0.664,0.0,0.0,0.0,0.0,0.0,0.664,0.0
0.8079999999999999,0.0,0.0,0.0,0.0,0.0,0.8079999999999999,0.0
0.664,0.0,0.0,0.0,0.0,0.0,0.664,0.0
0.64,0.0,0.0,0.0,0.0,0.0,0.64,0.0
0.648,0.0,0.0,0.0,0.0,0.0,0.648,0.0
0.5920000000000001,0.0,0.0,0.0,0.0,0.0,0.5920000000000001,0.0
0.904,0.0,0.0,0.0,0.0,0.0,0.904,0.0
0.8924364630708299,0.0,0.0,0.0,0.2915635369291702,0.0,1.1840000000000002,0.0390836732673267
0.6159750359573648,0.0,0.0,0.0,0.6720249640426352,0.0,1.288,0.0900839810038042
0.04222913791280991,0.0,0.0,0.0,1.0217708620871901,0.0,1.064,0.136966916194297
0.0,0.7789691012379445,0.0,0.0,0.688,0.0,0.688,0.196645100583946
0.0,0.8212247601742384,0.0,0.0,1.2,0.0,1.2,0.270942275424761
0.0,1.6959535744332623,0.0,0.0,0.8,0.0,0.8,0.33457899098426697
0.0,1.520525672500991,0.0,0.0,0.816,0.0,0.816,0.313207909763195
0.0,0.8959072283807459,0.0,0.0,0.8320000000000001,0.0,0.8320000000000001,0.231623481665648
0.0,0.8090529232574137,0.0,0.0,1.008,0.0,1.008,0.243573333997817
0.0,0.8264457142021173,0.0,0.0,1.04,0.0,1.04,0.250194366666635
0.15369475803464616,0.0,0.0,0.0,0.7903052419653539,0.0,0.9440000000000001,0.105939282338769
2.231294571194656,0.0,0.0,0.0,0.2247054288053437,0.0,2.456,0.0301214399211932
4.24,0.0,0.0,0.0,0.0,0.0,4.24,0.0
1.5519999999999998,0.0,0.0,0.0,0.0,0.0,1.5519999999999998,0.0
1.736,0.0,0.0,0.0,0.0,0.0,1.736,0.0
1.608,0.0,0.0,0.0,0.0,0.0,1.608,0.0
1.208,0.0,0.0,0.0,0.0,0.0,1.208,0.0
0.648,0.0,0.0,0.0,0.0,0.0,0.648,0.0
0.48,0.0,0.0,0.0,0.0,0.0,0.48,0.0
0.52,0.0,0.0,0.0,0.0,0.0,0.52,0.0
0.632,0.0,0.0,0.0,0.0,0.0,0.632,0.0
0.736,0.0,0.0,0.0,0.0,0.0,0.736,0.0
0.5920000000000001,0.0,0.0,0.0,0.0,0.0,0.5920000000000001,0.0
0.672,0.0,0.0,0.0,0.0,0.0,0.672,0.0
0.5704670707483923,0.0,0.0,0.0,0.1815329292516077,0.0,0.752,0.0243342283773096
0.0,0.12630059332617882,0.0,0.0,0.8,0.0,0.8,0.124169263818768
0.0,0.7811297484587437,0.0,0.0,0.912,0.0,0.912,0.22696161044317498
0.0,1.5552319336611324,0.0,0.0,0.64,0.0,0.64,0.294267687053256
0.0,2.0874829153812318,0.0,0.0,0.7040000000000001,0.0,0.7040000000000001,0.3741942745830689
0.0,1.737686536265007,0.0,0.0,1.136,0.0,1.136,0.38521355186942297
0.0,1.935720437205501,0.0,0.0,1.04,0.0,1.04,0.398891049709346
0.0,1.0481938495847567,0.0,0.0,1.8319999999999999,0.0,1.8319999999999999,0.386085847871577
0.0,1.7532204406997498,0.0,0.0,0.8959999999999999,0.0,0.8959999999999999,0.355124194225239
0.0,1.1692586844452482,0.0,0.0,0.856,0.0,0.856,0.27148301717818396
0.0,0.12868540686734042,0.0,0.0,0.992,0.0,0.992,0.15022626882217002
1.9460549830301814,0.0,0.0,0.0,0.2539450169698188,0.0,2.2,0.0340409647092642
1.9280000000000002,0.0,0.0,0.0,0.0,0.0,1.9280000000000002,0.0
1.128,0.0,0.0,0.0,0.0,0.0,1.128,0.0
1.16,0.0,0.0,0.0,0.0,0.0,1.16,0.0
1.56,0.0,0.0,0.0,0.0,0.0,1.56,0.0
0.872,0.0,0.0,0.0,0.0,0.0,0.872,0.0
0.688,0.0,0.0,0.0,0.0,0.0,0.688,0.0
0.72,0.0,0.0,0.0,0.0,0.0,0.72,0.0
0.6559999999999999,0.0,0.0,0.0,0.0,0.0,0.6559999999999999,0.0
0.44,0.0,0.0,0.0,0.0,0.0,0.44,0.0
0.616,0.0,0.0,0.0,0.0,0.0,0.616,0.0
0.5920000000000001,0.0,0.0,0.0,0.0,0.0,0.5920000000000001,0.0
0.84,0.0,0.0,0.0,0.0,0.0,0.84,0.0
0.5234195720362549,0.0,0.0,0.0,0.3645804279637452,0.0,0.888,0.0488714826149839
0.0,0.14618615204992325,0.0,0.0,1.112,0.0,1.112,0.168658046181338
0.0,0.7775277044794477,0.0,0.0,1.464,0.0,1.464,0.300473568623288
0.0,1.5701666017083955,0.0,0.0,1.072,0.0,1.072,0.35417863724194104
0.0,1.8292725822896367,0.0,0.0,1.4480000000000002,0.0,1.4480000000000002,0.439313681550285
0.0,1.7982774364954026,0.0,0.0,2.472,0.0,2.472,0.572424555713112
0.0,2.0077123118132003,0.0,0.0,1.472,0.0,1.472,0.466450436469495
0.0,0.8523921618354482,0.0,0.0,1.6480000000000001,0.0,1.6480000000000001,0.33517397724908804
0.0,0.7586180001208127,0.0,0.0,1.0959999999999999,0.0,1.0959999999999999,0.248608878585643
0.0,0.236889166830903,0.0,0.0,1.064,0.0,1.064,0.174382323965892
0.4961893488848822,0.0,0.0,0.0,0.42381065111511784,0.0,0.92,0.0568112089387233
1.064,0.0,0.0,0.0,0.0,0.0,1.064,0.0
1.72,0.0,0.0,0.0,0.0,0.0,1.72,0.0
1.056,0.0,0.0,0.0,0.0,0.0,1.056,0.0
0.968,0.0,0.0,0.0,0.0,0.0,0.968,0.0
1.08,0.0,0.0,0.0,0.0,0.0,1.08,0.0
0.88,0.0,0.0,0.0,0.0,0.0,0.88,0.0
0.568,0.0,0.0,0.0,0.0,0.0,0.568,0.0
0.456,0.0,0.0,0.0,0.0,0.0,0.456,0.0
0.47200000000000003,0.0,0.0,0.0,0.0,0.0,0.47200000000000003,0.0
0.544,0.0,0.0,0.0,0.0,0.0,0.544,0.0
0.392,0.0,0.0,0.0,0.0,0.0,0.392,0.0
0.608,0.0,0.0,0.0,0.0,0.0,0.608,0.0
0.968,0.0,0.0,0.0,0.0,0.0,0.968,0.0
0.938934740828445,0.0,0.0,0.0,0.23706525917155497,0.0,1.176,0.0317782574257426
0.4716558829589621,0.0,0.0,0.0,0.2803441170410379,0.0,0.752,0.0375797261490585
0.0,0.12379950743042722,0.0,0.0,0.8079999999999999,0.0,0.8079999999999999,0.12490638535474301
0.0,1.3312674310433552,0.0,0.0,0.64,0.0,0.64,0.264245567223097
0.0,2.1645634659511948,0.0,0.0,0.792,0.0,0.792,0.39632308523347
0.0,2.0848170721220565,0.0,0.0,0.736,0.0,0.736,0.378126476152943
0.0,1.6881966721119137,0.0,0.0,0.616,0.0,0.616,0.308874253704643
0.0,2.0759055711052494,0.0,0.0,0.856,0.0,0.856,0.39301772985272104
0.0,1.9513842424478383,0.0,0.0,0.88,0.0,0.88,0.379542990154395
0.0,0.9982055740449158,0.0,0.0,0.736,0.0,0.736,0.23246776585377302
0.0,0.11468645442821868,0.0,0.0,0.5760000000000001,0.0,0.5760000000000001,0.0925855269810321
2.172745968602005,0.0,0.0,0.0,0.04325403139799439,0.0,2.2159999999999997,0.00579814077047839
1.56,0.0,0.0,0.0,0.0,0.0,1.56,0.0
1.52,0.0,0.0,0.0,0.0,0.0,1.52,0.0
1.136,0.0,0.0,0.0,0.0,0.0,1.136,0.0
0.84,0.0,0.0,0.0,0.0,0.0,0.84,0.0
0.512,0.0,0.0,0.0,0.0,0.0,0.512,0.0
0.512,0.0,0.0,0.0,0.0,0.0,0.512,0.0
0.536,0.0,0.0,0.0,0.0,0.0,0.536,0.0
0.56,0.0,0.0,0.0,0.0,0.0,0.56,0.0
0.624,0.0,0.0,0.0,0.0,0.0,0.624,0.0
0.44,0.0,0.0,0.0,0.0,0.0,0.44,0.0
0.8640000000000001,0.0,0.0,0.0,0.0,0.0,0.8640000000000001,0.0
1.28,0.0,0.0,0.0,0.0,0.0,1.28,0.0
0.7542712595837378,0.0,0.0,0.0,0.4697287404162622,0.0,1.224,0.06296646284395299
0.0,0.8830544199873444,0.0,0.0,0.888,0.0,0.888,0.237407300715575
0.0,2.307287825728009,0.0,0.0,0.696,0.0,0.696,0.402586418537681
0.0,1.9867059423350444,0.0,0.0,0.912,0.0,0.912,0.3885673673104171
0.0,1.5290152331187237,0.0,0.0,1.496,0.0,1.496,0.40549894628497296
0.0,3.6844326255542317,0.0,0.0,0.72,0.0,0.72,0.590407866080092
0.0,1.9517468859972913,0.0,0.0,0.736,0.0,0.736,0.360288608870567
0.0,0.6709013284639134,0.0,0.0,1.232,0.0,1.232,0.255081189386562
0.0,1.066033689157727,0.0,0.0,1.072,0.0,1.072,0.28660034454815103
0.0,0.8133980857501701,0.0,0.0,0.752,0.0,0.752,0.20983936455545604
0.2870948924940352,0.0,0.0,0.0,0.4329051075059648,0.0,0.72,0.0580303077528873
1.1407542250934846,0.0,0.0,0.0,0.059245774906515315,0.0,1.2,0.007941811014174741
2.136,0.0,0.0,0.0,0.0,0.0,2.136,0.0
1.4,0.0,0.0,0.0,0.0,0.0,1.4,0.0
1.168,0.0,0.0,0.0,0.0,0.0,1.168,0.0
1.088,0.0,0.0,0.0,0.0,0.0,1.088,0.0
0.992,0.0,0.0,0.0,0.0,0.0,0.992,0.0
0.616,0.0,0.0,0.0,0.0,0.0,0.616,0.0
0.584,0.0,0.0,0.0,0.0,0.0,0.584,0.0
0.47200000000000003,0.0,0.0,0.0,0.0,0.0,0.47200000000000003,0.0
0.48,0.0,0.0,0.0,0.0,0.0,0.48,0.0
0.46399999999999997,0.0,0.0,0.0,0.0,0.0,0.46399999999999997,0.0
0.632,0.0,0.0,0.0,0.0,0.0,0.632,0.0
0.904,0.0,0.0,0.0,0.0,0.0,0.904,0.0
0.6485556953820035,0.0,0.0,0.0,0.03144430461799653,0.0,0.68,0.00421506386138614
0.4027281866991474,0.0,0.0,0.0,0.2212718133008526,0.0,0.624,0.0296611686955229
1.4080924245470712,0.0,0.0,0.0,0.2639075754529288,0.0,1.672,0.035376431361787
0.8039469192487361,0.0,0.0,0.0,0.6760530807512639,0.0,1.48,0.0906239442618331
0.20676168358468194,0.0,0.0,0.0,0.5772383164153181,0.0,0.784,0.0773779670591618
0.0,0.15032594942448396,0.0,0.0,0.68,0.0,0.68,0.11130400068021198
0.0,0.18105023236974704,0.0,0.0,0.856,0.0,0.856,0.139015093830443
0.0,1.4683235571632927,0.0,0.0,0.96,0.0,0.96,0.32551328432601195
0.0,1.5985467024917352,0.0,0.0,1.088,0.0,1.088,0.36012772599582205
0.0,1.7430199289868913,0.0,0.0,0.5920000000000001,0.0,0.5920000000000001,0.31300606700827005
0.0,0.9303734401309192,0.0,0.0,0.47200000000000003,0.0,0.47200000000000003,0.1879861450102
2.1969871833339245,0.0,0.0,0.0,0.15501281666607536,0.0,2.352,0.0207792453838173
2.12,0.0,0.0,0.0,0.0,0.0,2.12,0.0
1.9040000000000001,0.0,0.0,0.0,0.0,0.0,1.9040000000000001,0.0
1.432,0.0,0.0,0.0,0.0,0.0,1.432,0.0
1.176,0.0,0.0,0.0,0.0,0.0,1.176,0.0
0.7759999999999999,0.0,0.0,0.0,0.0,0.0,0.7759999999999999,0.0
0.688,0.0,0.0,0.0,0.0,0.0,0.688,0.0
0.728,0.0,0.0,0.0,0.0,0.0,0.728,0.0
0.632,0.0,0.0,0.0,0.0,0.0,0.632,0.0
0.6559999999999999,0.0,0.0,0.0,0.0,0.0,0.6559999999999999,0.0
0.536,0.0,0.0,0.0,0.0,0.0,0.536,0.0
0.6,0.0,0.0,0.0,0.0,0.0,0.6,0.0
0.6,0.0,0.0,0.0,0.0,0.0,0.6,0.0
1.1436637038636503,0.0,0.0,0.0,0.43233629613634955,0.0,1.5759999999999998,0.0579540594059406
0.8487905108371152,0.0,0.0,0.0,1.6792094891628848,0.0,2.528,0.225095619682307
0.4763777935659781,0.0,0.0,0.0,2.859622206434022,0.0,3.3360000000000003,0.383328248660292
0.0,1.4528552517440247,0.0,0.0,2.616,0.0,2.616,0.5454242012088161
0.0,3.78182077690853,0.0,0.0,0.92,0.0,0.92,0.630272320543509
0.0,2.178794379708688,0.0,0.0,0.632,0.0,0.632,0.37678294863345707
0.0,2.434834533457966,0.0,0.0,0.5920000000000001,0.0,0.5920000000000001,0.405742820881855
0.0,1.0967297109837353,0.0,0.0,1.032,0.0,1.032,0.28535315963995395
0.0,0.6627337354203581,0.0,0.0,0.7759999999999999,0.0,0.7759999999999999,0.192860190358817
0.0002760574280705752,0.0,0.0,0.0,0.8957239425719293,0.0,0.8959999999999999,0.120070507711352
0.3623232579940362,0.0,0.0,0.0,0.4056767420059638,0.0,0.768,0.0543803844736814
1.8559999999999999,0.0,0.0,0.0,0.0,0.0,1.8559999999999999,0.0
2.016,0.0,0.0,0.0,0.0,0.0,2.016,0.0
1.5759999999999998,0.0,0.0,0.0,0.0,0.0,1.5759999999999998,0.0
1.672,0.0,0.0,0.0,0.0,0.0,1.672,0.0
0.8079999999999999,0.0,0.0,0.0,0.0,0.0,0.8079999999999999,0.0
0.9440000000000001,0.0,0.0,0.0,0.0,0.0,0.9440000000000001,0.0
0.856,0.0,0.0,0.0,0.0,0.0,0.856,0.0
0.624,0.0,0.0,0.0,0.0,0.0,0.624,0.0
0.624,0.0,0.0,0.0,0.0,0.0,0.624,0.0
0.456,0.0,0.0,0.0,0.0,0.0,0.456,0.0
0.43200000000000005,0.0,0.0,0.0,0.0,0.0,0.43200000000000005,0.0
0.752,0.0,0.0,0.0,0.0,0.0,0.752,0.0
0.664,0.0,0.0,0.0,0.0,0.0,0.664,0.0
0.5853676853326629,0.0,0.0,0.0,0.3986323146673372,0.0,0.9840000000000001,0.0534360891089109
0.0,0.36693471365084895,0.0,0.0,1.16,0.0,1.16,0.20468340478173896
0.0,2.1947949235197353,0.0,0.0,0.568,0.0,0.568,0.370348690486993
0.0,3.0128302313998754,0.0,0.0,0.7040000000000001,0.0,0.7040000000000001,0.49823575294823297
0.0,3.316975408043498,0.0,0.0,0.88,0.0,0.88,0.562598524104288
0.0,3.6209545522697284,0.0,0.0,0.672,0.0,0.672,0.575464390504883
0.0,3.4974506936917846,0.0,0.0,0.816,0.0,0.816,0.5782118688179039
0.0,3.1298398856482077,0.0,0.0,0.84,0.0,0.84,0.532151333628417
0.0,2.414775765452081,0.0,0.0,0.8320000000000001,0.0,0.8320000000000001,0.43522562706471296
0.0,1.5766922161482417,0.0,0.0,0.696,0.0,0.696,0.304651126641782
0.0,0.44560856550318895,0.0,0.0,0.696,0.0,0.696,0.15303098817925
3.643671289904756,0.0,0.0,0.0,0.1803287100952439,0.0,3.824,0.0241728045293714
2.096,0.0,0.0,0.0,0.0,0.0,2.096,0.0
1.288,0.0,0.0,0.0,0.0,0.0,1.288,0.0
1.048,0.0,0.0,0.0,0.0,0.0,1.048,0.0
0.9840000000000001,0.0,0.0,0.0,0.0,0.0,0.9840000000000001,0.0
1.08,0.0,0.0,0.0,0.0,0.0,1.08,0.0
0.9359999999999999,0.0,0.0,0.0,0.0,0.0,0.9359999999999999,0.0
0.768,0.0,0.0,0.0,0.0,0.0,0.768,0.0
0.7120000000000001,0.0,0.0,0.0,0.0,0.0,0.7120000000000001,0.0
0.56,0.0,0.0,0.0,0.0,0.0,0.56,0.0
0.48,0.0,0.0,0.0,0.0,0.0,0.48,0.0
0.496,0.0,0.0,0.0,0.0,0.0,0.496,0.0
0.904,0.0,0.0,0.0,0.0,0.0,0.904,0.0
0.5281006297213425,0.0,0.0,0.0,0.2478993702786574,0.0,0.7759999999999999,0.0332305544554455
0.0,0.45881002605295407,0.0,0.0,0.88,0.0,0.88,0.17946556066778102
0.0,1.2298343218517,0.0,0.0,0.784,0.0,0.784,0.269951597784674
0.0,2.1493726801839577,0.0,0.0,0.912,0.0,0.912,0.41037260983322704
0.0,2.3810404693907,0.0,0.0,0.912,0.0,0.912,0.4414273441641521
0.0,2.2581582490466,0.0,0.0,1.2,0.0,1.2,0.46356114532004
0.0,2.8216160492481723,0.0,0.0,0.72,0.0,0.72,0.47474854354220003
0.0,2.1579892342196603,0.0,0.0,0.72,0.0,0.72,0.38579032234902
0.0,2.0747240508740004,0.0,0.0,0.76,0.0,0.76,0.3799906866759779
0.0,0.6906125870229868,0.0,0.0,0.888,0.0,0.888,0.21161074946722197
0.29756551496578143,0.0,0.0,0.0,0.6624344850342185,0.0,0.96,0.0887983910703374
1.2333854166029856,0.0,0.0,0.0,0.00661458339701448,0.0,1.24,0.000886675401908027
1.272,0.0,0.0,0.0,0.0,0.0,1.272,0.0
1.16,0.0,0.0,0.0,0.0,0.0,1.16,0.0
1.04,0.0,0.0,0.0,0.0,0.0,1.04,0.0
1.256,0.0,0.0,0.0,0.0,0.0,1.256,0.0
1.28,0.0,0.0,0.0,0.0,0.0,1.28,0.0
0.88,0.0,0.0,0.0,0.0,0.0,0.88,0.0
0.728,0.0,0.0,0.0,0.0,0.0,0.728,0.0
0.68,0.0,0.0,0.0,0.0,0.0,0.68,0.0
0.496,0.0,0.0,0.0,0.0,0.0,0.496,0.0
0.544,0.0,0.0,0.0,0.0,0.0,0.544,0.0
0.5920000000000001,0.0,0.0,0.0,0.0,0.0,0.5920000000000001,0.0
0.632,0.0,0.0,0.0,0.0,0.0,0.632,0.0
0.20169120382738465,0.0,0.0,0.0,0.3343087961726154,0.0,0.536,0.0448136138613861
0.0,0.15162817841227239,0.0,0.0,0.76,0.0,0.76,0.12220244767784198
0.0,0.4713960892855851,0.0,0.0,1.136,0.0,1.136,0.21546913659535602
0.0367102711261027,0.0,0.0,0.0,2.179289728873897,0.0,2.2159999999999997,0.29213065740398103
0.0,1.8428971225422135,0.0,0.0,2.2880000000000003,0.0,2.2880000000000003,0.553740824860419
0.0,3.1482262068210014,0.0,0.0,0.9359999999999999,0.0,0.9359999999999999,0.547484655655084
0.0,0.7091156369309128,0.0,0.0,1.112,0.0,1.112,0.24411793492928502
0.0,0.10329105518908865,0.0,0.0,1.136,0.0,1.136,0.16612518559170003
0.19220015507107946,0.0,0.0,0.0,1.0477998449289205,0.0,1.24,0.140456063951186
0.3132581102623555,0.0,0.0,0.0,1.4067418897376445,0.0,1.72,0.188571729404299
1.8833103504889743,0.0,0.0,0.0,0.46068964951102553,0.0,2.344,0.0617547856935974
2.688,0.0,0.0,0.0,0.0,0.0,2.688,0.0
2.952,0.0,0.0,0.0,0.0,0.0,2.952,0.0
2.024,0.0,0.0,0.0,0.0,0.0,2.024,0.0
1.7519999999999998,0.0,0.0,0.0,0.0,0.0,1.7519999999999998,0.0
1.304,0.0,0.0,0.0,0.0,0.0,1.304,0.0
1.056,0.0,0.0,0.0,0.0,0.0,1.056,0.0
0.584,0.0,0.0,0.0,0.0,0.0,0.584,0.0
0.7440000000000001,0.0,0.0,0.0,0.0,0.0,0.7440000000000001,0.0
0.52,0.0,0.0,0.0,0.0,0.0,0.52,0.0
0.6,0.0,0.0,0.0,0.0,0.0,0.6,0.0
0.512,0.0,0.0,0.0,0.0,0.0,0.512,0.0
0.616,0.0,0.0,0.0,0.0,0.0,0.616,0.0
0.968,0.0,0.0,0.0,0.0,0.0,0.968,0.0
0.6871078241661539,0.0,0.0,0.0,0.24889217583384607,0.0,0.9359999999999999,0.0333636386138614
0.348800683376837,0.0,0.0,0.0,0.643199316623163,0.0,0.992,0.0862199443779366
0.0,0.0930495198343031,0.0,0.0,1.008,0.0,1.008,0.14759410637416198
0.0,0.9409467441532997,0.0,0.0,0.72,0.0,0.72,0.222647524949897
0.0,0.9931710041655406,0.0,0.0,0.8640000000000001,0.0,0.8640000000000001,0.248951105110212
0.0,1.6550671188554094,0.0,0.0,0.536,0.0,0.536,0.29370939961169107
0.0,1.0515591644394098,0.0,0.0,0.5920000000000001,0.0,0.5920000000000001,0.22031674486811897
0.0,1.2741349251743372,0.0,0.0,0.648,0.0,0.648,0.257659425394751
0.0,0.22964321064397653,0.0,0.0,1.368,0.0,1.368,0.214161777224362
0.0,0.20149419949800318,0.0,0.0,0.72,0.0,0.72,0.123524973630931
1.0332059853655897,0.0,0.0,0.0,0.54279401463441,0.0,1.5759999999999998,0.0727607578878612
2.496,0.0,0.0,0.0,0.0,0.0,2.496,0.0
2.424,0.0,0.0,0.0,0.0,0.0,2.424,0.0
1.784,0.0,0.0,0.0,0.0,0.0,1.784,0.0
2.408,0.0,0.0,0.0,0.0,0.0,2.408,0.0
1.432,0.0,0.0,0.0,0.0,0.0,1.432,0.0
1.1840000000000002,0.0,0.0,0.0,0.0,0.0,1.1840000000000002,0.0
0.736,0.0,0.0,0.0,0.0,0.0,0.736,0.0
0.64,0.0,0.0,0.0,0.0,0.0,0.64,0.0
0.488,0.0,0.0,0.0,0.0,0.0,0.488,0.0
0.5920000000000001,0.0,0.0,0.0,0.0,0.0,0.5920000000000001,0.0
0.568,0.0,0.0,0.0,0.0,0.0,0.568,0.0
0.848,0.0,0.0,0.0,0.0,0.0,0.848,0.0
0.992,0.0,0.0,0.0,0.0,0.0,0.992,0.0
0.7050480556853939,0.0,0.0,0.0,0.3509519443146062,0.0,1.056,0.047044603960395996
0.0,0.3162664132813222,0.0,0.0,0.616,0.0,0.616,0.12496897341330199
0.0,0.7630902357907448,0.0,0.0,0.8640000000000001,0.0,0.8640000000000001,0.21810910864190697
0.0,1.6007869248012017,0.0,0.0,0.6,0.0,0.6,0.295012325635323
0.0,0.8320006882671771,0.0,0.0,1.632,0.0,1.632,0.330295752496984
0.0,1.1800748370613658,0.0,0.0,1.44,0.0,1.44,0.351217267927873
0.0,1.9797703687757127,0.0,0.0,0.6559999999999999,0.0,0.6559999999999999,0.353321231406096
0.0,1.7433516159610511,0.0,0.0,0.616,0.0,0.616,0.316267694692434
0.0,1.0547791891963516,0.0,0.0,0.8,0.0,0.8,0.248630485749656
0.0,0.39012458834676467,0.0,0.0,0.7040000000000001,0.0,0.7040000000000001,0.14666582925656302
1.1323884111452096,0.0,0.0,0.0,0.4916115888547905,0.0,1.624,0.0658998272403989
3.536,0.0,0.0,0.0,0.0,0.0,3.536,0.0
2.6719999999999997,0.0,0.0,0.0,0.0,0.0,2.6719999999999997,0.0
2.9360000000000004,0.0,0.0,0.0,0.0,0.0,2.9360000000000004,0.0
2.376,0.0,0.0,0.0,0.0,0.0,2.376,0.0
1.496,0.0,0.0,0.0,0.0,0.0,1.496,0.0
1.0,0.0,0.0,0.0,0.0,0.0,1.0,0.0
0.7759999999999999,0.0,0.0,0.0,0.0,0.0,0.7759999999999999,0.0
0.5760000000000001,0.0,0.0,0.0,0.0,0.0,0.5760000000000001,0.0
0.64,0.0,0.0,0.0,0.0,0.0,0.64,0.0
0.7120000000000001,0.0,0.0,0.0,0.0,0.0,0.7120000000000001,0.0
0.632,0.0,0.0,0.0,0.0,0.0,0.632,0.0
0.688,0.0,0.0,0.0,0.0,0.0,0.688,0.0
0.9840000000000001,0.0,0.0,0.0,0.0,0.0,0.9840000000000001,0.0
0.6945590833841807,0.0,0.0,0.0,0.13744091661581934,0.0,0.8320000000000001,0.0184237574257426
0.0,0.015599910481694845,0.0,0.0,0.648,0.0,0.648,0.08895461467733
0.0,0.8201847843098196,0.0,0.0,0.736,0.0,0.736,0.208604334733138
0.0,0.9053681686307948,0.0,0.0,0.8320000000000001,0.0,0.8320000000000001,0.23289170711465002
0.0,0.654970195082722,0.0,0.0,1.08,0.0,1.08,0.232570262205442
0.0,1.2834184316534496,0.0,0.0,0.816,0.0,0.816,0.281424024754097
0.0,2.1577833527837145,0.0,0.0,0.9359999999999999,0.0,0.9359999999999999,0.414717213934291
0.0,1.12044970404502,0.0,0.0,1.368,0.0,1.368,0.333573107938728
0.0,1.2815407299268835,0.0,0.0,0.872,0.0,0.872,0.288679041085956
0.0,0.6620980261770576,0.0,0.0,0.7440000000000001,0.0,0.7440000000000001,0.188485420418972
1.2607793025066316,0.0,0.0,0.0,0.4672206974933687,0.0,1.7280000000000002,0.0626302632931751
3.76,0.0,0.0,0.0,0.0,0.0,3.76,0.0
3.008,0.0,0.0,0.0,0.0,0.0,3.008,0.0
1.912,0.0,0.0,0.0,0.0,0.0,1.912,0.0
2.504,0.0,0.0,0.0,0.0,0.0,2.504,0.0
1.12,0.0,0.0,0.0,0.0,0.0,1.12,0.0
0.856,0.0,0.0,0.0,0.0,0.0,0.856,0.0
0.784,0.0,0.0,0.0,0.0,0.0,0.784,0.0
0.784,0.0,0.0,0.0,0.0,0.0,0.784,0.0
0.8,0.0,0.0,0.0,0.0,0.0,0.8,0.0
0.536,0.0,0.0,0.0,0.0,0.0,0.536,0.0
0.488,0.0,0.0,0.0,0.0,0.0,0.488,0.0
0.6559999999999999,0.0,0.0,0.0,0.0,0.0,0.6559999999999999,0.0
0.872,0.0,0.0,0.0,0.0,0.0,0.872,0.0
0.8540989333369964,0.0,0.0,0.0,0.009901066663003694,0.0,0.8640000000000001,0.00132722376237624
0.2632650866138529,0.0,0.0,0.0,0.4807349133861472,0.0,0.7440000000000001,0.0644418245191791
0.0,0.8716270116557229,0.0,0.0,0.672,0.0,0.672,0.20692098334926
0.0,1.8782798063616912,0.0,0.0,0.568,0.0,0.568,0.327920293735242
0.0,0.8838792154622175,0.0,0.0,1.176,0.0,1.176,0.276123849625409
0.0,1.3124509463132294,0.0,0.0,0.792,0.0,0.792,0.28209862611456704
0.0,0.7282654410471814,0.0,0.0,0.8240000000000001,0.0,0.8240000000000001,0.208078952399281
0.0,1.8258831777669968,0.0,0.0,0.7040000000000001,0.0,0.7040000000000001,0.33912720556813597
0.0,1.2527130554665618,0.0,0.0,1.136,0.0,1.136,0.32020355347772
0.4916659312554812,0.0,0.0,0.0,1.3003340687445186,0.0,1.7919999999999998,0.174307913864862
1.7240750927447017,0.0,0.0,0.0,0.6679249072552981,0.0,2.392,0.08953437428157301
2.736,0.0,0.0,0.0,0.0,0.0,2.736,0.0
1.9040000000000001,0.0,0.0,0.0,0.0,0.0,1.9040000000000001,0.0
1.3119999999999998,0.0,0.0,0.0,0.0,0.0,1.3119999999999998,0.0
1.6640000000000001,0.0,0.0,0.0,0.0,0.0,1.6640000000000001,0.0
1.5119999999999998,0.0,0.0,0.0,0.0,0.0,1.5119999999999998,0.0
0.992,0.0,0.0,0.0,0.0,0.0,0.992,0.0
0.7440000000000001,0.0,0.0,0.0,0.0,0.0,0.7440000000000001,0.0
0.5920000000000001,0.0,0.0,0.0,0.0,0.0,0.5920000000000001,0.0
0.616,0.0,0.0,0.0,0.0,0.0,0.616,0.0
0.568,0.0,0.0,0.0,0.0,0.0,0.568,0.0
0.84,0.0,0.0,0.0,0.0,0.0,0.84,0.0
0.8320000000000001,0.0,0.0,0.0,0.0,0.0,0.8320000000000001,0.0
0.992,0.0,0.0,0.0,0.0,0.0,0.992,0.0
0.2780583334820356,0.0,0.0,0.0,0.4019416665179644,0.0,0.68,0.053879702970297004
0.0,0.031639444178206966,0.0,0.0,0.688,0.0,0.688,0.0964666336633663
0.0,0.7046545595908806,0.0,0.0,0.8640000000000001,0.0,0.8640000000000001,0.210275890195577
0.0,2.0281358585028064,0.0,0.0,0.784,0.0,0.784,0.37696277193865
0.0,1.4117368922351026,0.0,0.0,1.112,0.0,1.112,0.33830330482229404
0.0,1.713903972564338,0.0,0.0,0.8,0.0,0.8,0.336985216066328
0.0,2.4820312962719746,0.0,0.0,0.616,0.0,0.616,0.415286644656328
0.0,1.3463891127542427,0.0,0.0,0.8079999999999999,0.0,0.8079999999999999,0.28879276558518296
0.0,0.5542285941604683,0.0,0.0,1.3119999999999998,0.0,1.3119999999999998,0.250165262036965
0.0,0.4667316464823117,0.0,0.0,1.2,0.0,1.2,0.223422982796553
1.59044315544969,0.0,0.0,0.0,0.6895568445503096,0.0,2.28,0.0924341043996876
1.809723768087352,0.0,0.0,0.0,0.006276231912647996,0.0,1.8159999999999998,0.000841319871501949
2.1519999999999997,0.0,0.0,0.0,0.0,0.0,2.1519999999999997,0.0
2.7039999999999997,0.0,0.0,0.0,0.0,0.0,2.7039999999999997,0.0
2.392,0.0,0.0,0.0,0.0,0.0,2.392,0.0
1.304,0.0,0.0,0.0,0.0,0.0,1.304,0.0
0.8320000000000001,0.0,0.0,0.0,0.0,0.0,0.8320000000000001,0.0
0.456,0.0,0.0,0.0,0.0,0.0,0.456,0.0
0.736,0.0,0.0,0.0,0.0,0.0,0.736,0.0
0.688,0.0,0.0,0.0,0.0,0.0,0.688,0.0
0.632,0.0,0.0,0.0,0.0,0.0,0.632,0.0
0.56,0.0,0.0,0.0,0.0,0.0,0.56,0.0
0.752,0.0,0.0,0.0,0.0,0.0,0.752,0.0
1.3119999999999998,0.0,0.0,0.0,0.0,0.0,1.3119999999999998,0.0
0.7217805741355681,0.0,0.0,0.0,0.1662194258644319,0.0,0.888,0.0222814752475248
0.0,0.04031442203930302,0.0,0.0,1.032,0.0,1.032,0.14374220779537197
0.0,1.1083176272486965,0.0,0.0,1.016,0.0,1.016,0.284761726153639
0.0,1.0457616810712835,0.0,0.0,0.856,0.0,0.856,0.25492842129078896
0.0,0.8725027487200896,0.0,0.0,1.176,0.0,1.176,0.27459885060197503
0.0,0.9223317859943676,0.0,0.0,2.432,0.0,2.432,0.44964335710421993
0.0,1.8612501151484182,0.0,0.0,0.8640000000000001,0.0,0.8640000000000001,0.365315862861413
0.0,0.2706536236448407,0.0,0.0,1.3119999999999998,0.0,1.3119999999999998,0.21215244462105803
1.5034255188614098,0.0,0.0,0.0,0.7045744811385904,0.0,2.208,0.0944471970101206
0.38877569313010285,0.0,0.0,0.0,0.9072243068698972,0.0,1.296,0.12161211502415599
1.1556742357648206,0.0,0.0,0.0,0.7083257642351795,0.0,1.864,0.0949500511201527
3.147244199797283,0.0,0.0,0.0,0.004755800202716783,0.0,3.1519999999999997,0.00063750818502666
3.3360000000000003,0.0,0.0,0.0,0.0,0.0,3.3360000000000003,0.0
1.8319999999999999,0.0,0.0,0.0,0.0,0.0,1.8319999999999999,0.0
2.344,0.0,0.0,0.0,0.0,0.0,2.344,0.0
2.064,0.0,0.0,0.0,0.0,0.0,2.064,0.0
1.08,0.0,0.0,0.0,0.0,0.0,1.08,0.0
0.8640000000000001,0.0,0.0,0.0,0.0,0.0,0.8640000000000001,0.0
0.672,0.0,0.0,0.0,0.0,0.0,0.672,0.0
0.632,0.0,0.0,0.0,0.0,0.0,0.632,0.0
0.736,0.0,0.0,0.0,0.0,0.0,0.736,0.0
0.632,0.0,0.0,0.0,0.0,0.0,0.632,0.0
0.56,0.0,0.0,0.0,0.0,0.0,0.56,0.0
0.608,0.0,0.0,0.0,0.0,0.0,0.608,0.0
0.2004037964441303,0.0,0.0,0.0,0.39959620355586967,0.0,0.6,0.053565297029703
0.0,0.23607222375136616,0.0,0.0,0.8,0.0,0.8,0.13888399318014902
0.0,0.3998137388298695,0.0,0.0,1.224,0.0,1.224,0.21766989893129302
1.2350140043744395,0.0,0.0,0.0,2.5729859956255607,0.0,3.8080000000000003,0.34490507638088597
0.0,1.2596930686260719,0.0,0.0,2.16,0.0,2.16,0.458404943143463
0.0,0.883960456574737,0.0,0.0,1.848,0.0,1.848,0.36621537448958397
0.0,0.9925993156704607,0.0,0.0,1.7280000000000002,0.0,1.7280000000000002,0.364692429872697
0.0,0.8337408879450348,0.0,0.0,1.4480000000000002,0.0,1.4480000000000002,0.3058640880968869
0.0,0.5842940888720889,0.0,0.0,1.5919999999999999,0.0,1.5919999999999999,0.291729096165253
0.007437417071040731,0.0,0.0,0.0,1.4645625829289592,0.0,1.472,0.19632251026181302
1.084392105324239,0.0,0.0,0.0,0.8436078946757611,0.0,1.9280000000000002,0.113084426360401
2.296,0.0,0.0,0.0,0.0,0.0,2.296,0.0
2.12,0.0,0.0,0.0,0.0,0.0,2.12,0.0
1.744,0.0,0.0,0.0,0.0,0.0,1.744,0.0
2.416,0.0,0.0,0.0,0.0,0.0,2.416,0.0
1.5919999999999999,0.0,0.0,0.0,0.0,0.0,1.5919999999999999,0.0
0.68,0.0,0.0,0.0,0.0,0.0,0.68,0.0
0.624,0.0,0.0,0.0,0.0,0.0,0.624,0.0
0.496,0.0,0.0,0.0,0.0,0.0,0.496,0.0
0.44799999999999995,0.0,0.0,0.0,0.0,0.0,0.44799999999999995,0.0
0.68,0.0,0.0,0.0,0.0,0.0,0.68,0.0
0.6,0.0,0.0,0.0,0.0,0.0,0.6,0.0
0.688,0.0,0.0,0.0,0.0,0.0,0.688,0.0
0.672,0.0,0.0,0.0,0.0,0.0,0.672,0.0
1.1499646314851941,0.0,0.0,0.0,0.01003536851480586,0.0,1.16,0.0013452267326732699
0.0,0.24254087011584047,0.0,0.0,0.992,0.0,0.992,0.165488430106712
0.0,1.8992816111269195,0.0,0.0,0.888,0.0,0.888,0.373631095783341
0.0,2.6298385732811487,0.0,0.0,1.104,0.0,1.104,0.500515696743359
0.0,3.100228273851015,0.0,0.0,0.768,0.0,0.768,0.5185304430414961
0.0,1.7689173629012973,0.0,0.0,1.192,0.0,1.192,0.39690671886485496
0.0,1.9768397047650859,0.0,0.0,0.624,0.0,0.624,0.348638826076606
0.0,1.6194309090458152,0.0,0.0,0.768,0.0,0.768,0.32003168359194106
0.0,1.1819807248930752,0.0,0.0,0.8,0.0,0.8,0.265681668873013
0.0,0.5034130801179391,0.0,0.0,0.96,0.0,0.96,0.196168421061363
0.4700900808583959,0.0,0.0,0.0,0.7379099191416041,0.0,1.208,0.09891576458498
2.536,0.0,0.0,0.0,0.0,0.0,2.536,0.0
2.984,0.0,0.0,0.0,0.0,0.0,2.984,0.0
2.024,0.0,0.0,0.0,0.0,0.0,2.024,0.0
2.0,0.0,0.0,0.0,0.0,0.0,2.0,0.0
1.7919999999999998,0.0,0.0,0.0,0.0,0.0,1.7919999999999998,0.0
0.72,0.0,0.0,0.0,0.0,0.0,0.72,0.0
0.632,0.0,0.0,0.0,0.0,0.0,0.632,0.0
0.48,0.0,0.0,0.0,0.0,0.0,0.48,0.0
0.672,0.0,0.0,0.0,0.0,0.0,0.672,0.0
0.616,0.0,0.0,0.0,0.0,0.0,0.616,0.0
0.456,0.0,0.0,0.0,0.0,0.0,0.456,0.0
0.68,0.0,0.0,0.0,0.0,0.0,0.68,0.0
0.47200000000000003,0.0,0.0,0.0,0.0,0.0,0.47200000000000003,0.0
0.4583997223278825,0.0,0.0,0.0,0.2856002776721176,0.0,0.7440000000000001,0.0382843069306931
0.6373968064760902,0.0,0.0,0.0,1.1146031935239096,0.0,1.7519999999999998,0.149410956861146
0.0,0.9410107722154137,0.0,0.0,1.088,0.0,1.088,0.27198597915355305
0.0,2.1224721450239192,0.0,0.0,0.9840000000000001,0.0,0.9840000000000001,0.41641812830546504
0.0,2.3118499186171553,0.0,0.0,1.4,0.0,1.4,0.49756814917438996
0.0,2.8850305823191933,0.0,0.0,0.9840000000000001,0.0,0.9840000000000001,0.518637991339065
0.0,2.9890723474767857,0.0,0.0,0.672,0.0,0.672,0.4907614887097079
0.0,2.5973196690717035,0.0,0.0,0.752,0.0,0.752,0.4489714900311071
0.0,1.8531664226439497,0.0,0.0,0.8640000000000001,0.0,0.8640000000000001,0.36423225549416205
0.0,0.6250375772981123,0.0,0.0,1.28,0.0,1.28,0.255367550473867
1.1725895294193451,0.0,0.0,0.0,0.6834104705806546,0.0,1.8559999999999999,0.0916101917988909
4.376,0.0,0.0,0.0,0.0,0.0,4.376,0.0
3.056,0.0,0.0,0.0,0.0,0.0,3.056,0.0
1.784,0.0,0.0,0.0,0.0,0.0,1.784,0.0
1.6640000000000001,0.0,0.0,0.0,0.0,0.0,1.6640000000000001,0.0
1.24,0.0,0.0,0.0,0.0,0.0,1.24,0.0
1.16,0.0,0.0,0.0,0.0,0.0,1.16,0.0
0.816,0.0,0.0,0.0,0.0,0.0,0.816,0.0
0.608,0.0,0.0,0.0,0.0,0.0,0.608,0.0
0.608,0.0,0.0,0.0,0.0,0.0,0.608,0.0
0.528,0.0,0.0,0.0,0.0,0.0,0.528,0.0
0.52,0.0,0.0,0.0,0.0,0.0,0.52,0.0
0.6559999999999999,0.0,0.0,0.0,0.0,0.0,0.6559999999999999,0.0
0.56,0.0,0.0,0.0,0.0,0.0,0.56,0.0
0.6698081204806894,0.0,0.0,0.0,0.29819187951931053,0.0,0.968,0.0399721930693069
0.0,0.6081683674290562,0.0,0.0,0.7040000000000001,0.0,0.7040000000000001,0.17589428460245798
0.0,1.7415411720320182,0.0,0.0,0.7120000000000001,0.0,0.7120000000000001,0.328893669371725
0.0,2.601279877185293,0.0,0.0,0.752,0.0,0.752,0.44950235023952795
0.0,2.64993623190312,0.0,0.0,1.272,0.0,1.272,0.525729917661924
0.0,2.908293575213291,0.0,0.0,1.248,0.0,1.248,0.5571451828566201
0.0,3.071085787144348,0.0,0.0,0.9520000000000001,0.0,0.9520000000000001,0.539288870231305
0.0,2.67060868646329,0.0,0.0,0.92,0.0,0.92,0.48131593617842494
0.0,2.1234823347044323,0.0,0.0,0.768,0.0,0.768,0.387599053084915
0.0,1.0373309284030097,0.0,0.0,0.8640000000000001,0.0,0.8640000000000001,0.254870679514423
0.9184306801669399,0.0,0.0,0.0,0.7295693198330603,0.0,1.6480000000000001,0.0977977192297132
4.303999999999999,0.0,0.0,0.0,0.0,0.0,4.303999999999999,0.0
2.6239999999999997,0.0,0.0,0.0,0.0,0.0,2.6239999999999997,0.0
2.392,0.0,0.0,0.0,0.0,0.0,2.392,0.0
1.824,0.0,0.0,0.0,0.0,0.0,1.824,0.0
1.024,0.0,0.0,0.0,0.0,0.0,1.024,0.0
0.9440000000000001,0.0,0.0,0.0,0.0,0.0,0.9440000000000001,0.0
0.9279999999999999,0.0,0.0,0.0,0.0,0.0,0.9279999999999999,0.0
0.76,0.0,0.0,0.0,0.0,0.0,0.76,0.0
0.696,0.0,0.0,0.0,0.0,0.0,0.696,0.0
0.47200000000000003,0.0,0.0,0.0,0.0,0.0,0.47200000000000003,0.0
0.47200000000000003,0.0,0.0,0.0,0.0,0.0,0.47200000000000003,0.0
0.584,0.0,0.0,0.0,0.0,0.0,0.584,0.0
0.784,0.0,0.0,0.0,0.0,0.0,0.784,0.0
0.9075826111423421,0.0,0.0,0.0,0.08441738885765793,0.0,0.992,0.0113160297029703
0.35465354640186303,0.0,0.0,0.0,0.285346453598137,0.0,0.64,0.0382502821782178
0.10599699192960899,0.0,0.0,0.0,0.518003008070391,0.0,0.624,0.0694375590725318
0.09009495176507787,0.0,0.0,0.0,0.7899050482349221,0.0,0.88,0.10588563694411998
0.0,0.3282066822534315,0.0,0.0,0.9279999999999999,0.0,0.9279999999999999,0.16839270109881
0.0,0.5855954314747103,0.0,0.0,0.9359999999999999,0.0,0.9359999999999999,0.203967681676401
0.0,0.6965703182308101,0.0,0.0,1.048,0.0,1.048,0.233857144921977
0.42078618588468863,0.0,0.0,0.0,1.1712138141153112,0.0,1.5919999999999999,0.15699952922502303
0.0,0.029524039924287537,0.0,0.0,0.96,0.0,0.96,0.132644276008907
0.15985041675926825,0.0,0.0,0.0,0.6561495832407317,0.0,0.816,0.0879559090137641
1.5277016296593369,0.0,0.0,0.0,0.08029837034066316,0.0,1.608,0.0107638811881188
2.888,0.0,0.0,0.0,0.0,0.0,2.888,0.0
3.04,0.0,0.0,0.0,0.0,0.0,3.04,0.0
2.92,0.0,0.0,0.0,0.0,0.0,2.92,0.0
2.456,0.0,0.0,0.0,0.0,0.0,2.456,0.0
1.4080000000000001,0.0,0.0,0.0,0.0,0.0,1.4080000000000001,0.0
0.784,0.0,0.0,0.0,0.0,0.0,0.784,0.0
0.4,0.0,0.0,0.0,0.0,0.0,0.4,0.0
0.632,0.0,0.0,0.0,0.0,0.0,0.632,0.0
0.56,0.0,0.0,0.0,0.0,0.0,0.56,0.0
0.568,0.0,0.0,0.0,0.0,0.0,0.568,0.0
0.5760000000000001,0.0,0.0,0.0,0.0,0.0,0.5760000000000001,0.0
0.5760000000000001,0.0,0.0,0.0,0.0,0.0,0.5760000000000001,0.0
0.88,0.0,0.0,0.0,0.0,0.0,0.88,0.0
0.9503061297397639,0.0,0.0,0.0,0.2976938702602361,0.0,1.248,0.0399054356435644
0.0,0.026045215350542272,0.0,0.0,0.816,0.0,0.816,0.11287495144178901
0.0,0.671680178510838,0.0,0.0,0.888,0.0,0.888,0.209072887304327
0.0,1.3358562064858188,0.0,0.0,0.848,0.0,0.848,0.29274278716769103
0.0,1.374787095426077,0.0,0.0,1.272,0.0,1.272,0.354798007787029
0.0,0.4955517164449561,0.0,0.0,2.3040000000000003,0.0,2.3040000000000003,0.375275885774081
0.0,0.5169778102748159,0.0,0.0,2.168,0.0,2.168,0.359917418248003
0.0,0.7722312479604163,0.0,0.0,1.496,0.0,1.496,0.304053140264798
0.0,0.8890647570366115,0.0,0.0,0.784,0.0,0.784,0.22427192716825697
0.0,0.15066014934267757,0.0,0.0,0.8,0.0,0.8,0.127434627308021
1.1961572200153645,0.0,0.0,0.0,0.2198427799846353,0.0,1.416,0.0294696088324227
3.112,0.0,0.0,0.0,0.0,0.0,3.112,0.0
1.44,0.0,0.0,0.0,0.0,0.0,1.44,0.0
1.672,0.0,0.0,0.0,0.0,0.0,1.672,0.0
1.7919999999999998,0.0,0.0,0.0,0.0,0.0,1.7919999999999998,0.0
1.544,0.0,0.0,0.0,0.0,0.0,1.544,0.0
1.04,0.0,0.0,0.0,0.0,0.0,1.04,0.0
0.872,0.0,0.0,0.0,0.0,0.0,0.872,0.0
0.6,0.0,0.0,0.0,0.0,0.0,0.6,0.0
0.632,0.0,0.0,0.0,0.0,0.0,0.632,0.0
0.728,0.0,0.0,0.0,0.0,0.0,0.728,0.0
0.688,0.0,0.0,0.0,0.0,0.0,0.688,0.0
0.696,0.0,0.0,0.0,0.0,0.0,0.696,0.0
1.08,0.0,0.0,0.0,0.0,0.0,1.08,0.0
0.648,0.0,0.0,0.0,0.0,0.0,0.648,0.0
0.19267147646059257,0.0,0.0,0.0,0.5673285235394074,0.0,0.76,0.0760495735604814
0.0,0.6439975626644683,0.0,0.0,0.728,0.0,0.728,0.18391430227358396
0.0,1.066805998195055,0.0,0.0,1.1440000000000001,0.0,1.1440000000000001,0.296355368030442
0.0,0.5558886727961707,0.0,0.0,1.6880000000000002,0.0,1.6880000000000002,0.30079005303439504
0.0,1.645852276794376,0.0,0.0,1.3519999999999999,0.0,1.3519999999999999,0.401857791011797
0.0,2.9093300213395374,0.0,0.0,0.992,0.0,0.992,0.522967684738606
0.0,2.4730770425279234,0.0,0.0,0.9279999999999999,0.0,0.9279999999999999,0.45590949158865207
0.0,1.067260751271298,0.0,0.0,1.5519999999999998,0.0,1.5519999999999998,0.35110814089722403
0.4266369766004512,0.0,0.0,0.0,1.8293630233995486,0.0,2.256,0.24522348523727103
2.225403689412759,0.0,0.0,0.0,0.6785963105872411,0.0,2.904,0.0909648605677606
6.5360000000000005,0.0,0.0,0.0,0.0,0.0,6.5360000000000005,0.0
3.512,0.0,0.0,0.0,0.0,0.0,3.512,0.0
2.8480000000000003,0.0,0.0,0.0,0.0,0.0,2.8480000000000003,0.0
1.976,0.0,0.0,0.0,0.0,0.0,1.976,0.0
1.712,0.0,0.0,0.0,0.0,0.0,1.712,0.0
1.1520000000000001,0.0,0.0,0.0,0.0,0.0,1.1520000000000001,0.0
0.7120000000000001,0.0,0.0,0.0,0.0,0.0,0.7120000000000001,0.0
0.8240000000000001,0.0,0.0,0.0,0.0,0.0,0.8240000000000001,0.0
0.616,0.0,0.0,0.0,0.0,0.0,0.616,0.0
0.488,0.0,0.0,0.0,0.0,0.0,0.488,0.0
0.52,0.0,0.0,0.0,0.0,0.0,0.52,0.0
0.512,0.0,0.0,0.0,0.0,0.0,0.512,0.0
0.4479999999999986,0.0,0.0,0.0,0.0,0.0,0.44799999999999995,0.0
1.1597767963466938,0.0,0.0,0.0,0.1362232036533063,0.0,1.296,0.0182605247524752
0.0,0.07234009637480598,0.0,0.0,0.9279999999999999,0.0,0.9279999999999999,0.134094152837832
0.0,0.7191219467056928,0.0,0.0,1.1840000000000002,0.0,1.1840000000000002,0.255110762944934
0.0,0.05044777309875137,0.0,0.0,2.688,0.0,2.688,0.367084989949997
0.0,0.27497572503357337,0.0,0.0,1.784,0.0,1.784,0.27600273803139697
0.8873493020905308,0.0,0.0,0.0,1.816650697909469,0.0,2.7039999999999997,0.24351941626775897
0.0,1.0790232610346497,0.0,0.0,1.12,0.0,1.12,0.29477590904108303
0.0,0.8296301469395209,0.0,0.0,1.624,0.0,1.624,0.328905596330255
0.5298220269785694,0.0,0.0,0.0,1.4301779730214306,0.0,1.96,0.191713302700386
0.8346102887851257,0.0,0.0,0.0,1.1333897112148745,0.0,1.9680000000000002,0.15192926256904699
2.311331923742742,0.0,0.0,0.0,0.6086680762572582,0.0,2.92,0.0815910812142125
2.592,0.0,0.0,0.0,0.0,0.0,2.592,0.0
1.12,0.0,0.0,0.0,0.0,0.0,1.12,0.0
1.32,0.0,0.0,0.0,0.0,0.0,1.32,0.0
2.504,0.0,0.0,0.0,0.0,0.0,2.504,0.0
2.528,0.0,0.0,0.0,0.0,0.0,2.528,0.0
2.408,0.0,0.0,0.0,0.0,0.0,2.408,0.0
0.8240000000000001,0.0,0.0,0.0,0.0,0.0,0.8240000000000001,0.0
0.456,0.0,0.0,0.0,0.0,0.0,0.456,0.0
0.536,0.0,0.0,0.0,0.0,0.0,0.536,0.0
0.672,0.0,0.0,0.0,0.0,0.0,0.672,0.0
0.528,0.0,0.0,0.0,0.0,0.0,0.528,0.0
0.664,0.0,0.0,0.0,0.0,0.0,0.664,0.0
0.44799999999999995,0.0,0.0,0.0,0.0,0.0,0.44799999999999995,0.0
1.1483177037760983,0.0,0.0,0.0,0.19568229622390176,0.0,1.344,0.0262309306930693
0.6054343945826418,0.0,0.0,0.0,0.5465656054173583,0.0,1.1520000000000001,0.0732663342140759
0.0,0.08781611136791989,0.0,0.0,0.728,0.0,0.728,0.10935897773345599
0.0,0.5076909364859722,0.0,0.0,0.9520000000000001,0.0,0.9520000000000001,0.19566947305470198
0.0,0.4392009355904558,0.0,0.0,1.224,0.0,1.224,0.222949696073693
0.0,0.5969513649299709,0.0,0.0,0.992,0.0,0.992,0.21299664779304103
0.0,0.6887123643916003,0.0,0.0,0.632,0.0,0.632,0.17703959512104395
0.0,1.7256800907508252,0.0,0.0,0.976,0.0,0.976,0.36215633495143895
0.0,1.1224651041410487,0.0,0.0,0.968,0.0,0.968,0.280223844063344
0.0,0.5025273352720051,0.0,0.0,0.8079999999999999,0.0,0.8079999999999999,0.17567430659929997
1.7544627709511456,0.0,0.0,0.0,0.40553722904885464,0.0,2.16,0.0543616829622042
4.272,0.0,0.0,0.0,0.0,0.0,4.272,0.0
2.184,0.0,0.0,0.0,0.0,0.0,2.184,0.0
1.824,0.0,0.0,0.0,0.0,0.0,1.824,0.0
1.504,0.0,0.0,0.0,0.0,0.0,1.504,0.0
1.704,0.0,0.0,0.0,0.0,0.0,1.704,0.0
1.0959999999999999,0.0,0.0,0.0,0.0,0.0,1.0959999999999999,0.0
0.904,0.0,0.0,0.0,0.0,0.0,0.904,0.0
0.6559999999999999,0.0,0.0,0.0,0.0,0.0,0.6559999999999999,0.0
0.5920000000000001,0.0,0.0,0.0,0.0,0.0,0.5920000000000001,0.0
0.43200000000000005,0.0,0.0,0.0,0.0,0.0,0.43200000000000005,0.0
0.47200000000000003,0.0,0.0,0.0,0.0,0.0,0.47200000000000003,0.0
0.6559999999999999,0.0,0.0,0.0,0.0,0.0,0.6559999999999999,0.0
0.7759999999999999,0.0,0.0,0.0,0.0,0.0,0.7759999999999999,0.0
1.1919086481629804,0.0,0.0,0.0,0.04009135183701968,0.0,1.232,0.00537418811881188
0.22967100298998144,0.0,0.0,0.0,0.5783289970100185,0.0,0.8079999999999999,0.0775241712260177
0.0,0.18012374921436836,0.0,0.0,1.264,0.0,1.264,0.19358271396465
0.0,0.5855824563491199,0.0,0.0,1.56,0.0,1.56,0.287612245945654
0.018603769638079637,0.0,0.0,0.0,2.5333962303619204,0.0,2.552,0.33959812522166
0.0,1.3494396058304494,0.0,0.0,1.256,0.0,1.256,0.349255436206234
0.0,0.4958571910765459,0.0,0.0,1.9680000000000002,0.0,1.9680000000000002,0.330276516904727
0.0,1.7318348017416765,0.0,0.0,1.68,0.0,1.68,0.457351553756738
0.0,1.7517102359172627,0.0,0.0,0.84,0.0,0.84,0.347415033892883
0.008661110083054924,0.0,0.0,0.0,1.6153388899169452,0.0,1.624,0.216533857609421
1.5417731727348767,0.0,0.0,0.0,0.44222682726512336,0.0,1.984,0.0592798708950886
2.32,0.0,0.0,0.0,0.0,0.0,2.32,0.0
2.024,0.0,0.0,0.0,0.0,0.0,2.024,0.0
1.744,0.0,0.0,0.0,0.0,0.0,1.744,0.0
1.6640000000000001,0.0,0.0,0.0,0.0,0.0,1.6640000000000001,0.0
0.9359999999999999,0.0,0.0,0.0,0.0,0.0,0.9359999999999999,0.0
0.752,0.0,0.0,0.0,0.0,0.0,0.752,0.0
0.5760000000000001,0.0,0.0,0.0,0.0,0.0,0.5760000000000001,0.0
0.52,0.0,0.0,0.0,0.0,0.0,0.52,0.0
0.608,0.0,0.0,0.0,0.0,0.0,0.608,0.0
0.5760000000000001,0.0,0.0,0.0,0.0,0.0,0.5760000000000001,0.0
0.504,0.0,0.0,0.0,0.0,0.0,0.504,0.0
0.584,0.0,0.0,0.0,0.0,0.0,0.584,0.0
0.43200000000000005,0.0,0.0,0.0,0.0,0.0,0.43200000000000005,0.0
1.0148711389011453,0.0,0.0,0.0,0.03312886109885477,0.0,1.048,0.00444087623762376
0.24745389321932304,0.0,0.0,0.0,0.392546106780677,0.0,0.64,0.0526202416851055
0.0,0.2454242975130685,0.0,0.0,0.792,0.0,0.792,0.139065236725526
0.0,0.6625053280868367,0.0,0.0,0.736,0.0,0.736,0.187467630147592
0.0,0.18480022163741783,0.0,0.0,1.6,0.0,1.6,0.23924990567965002
0.0,0.31319603354487735,0.0,0.0,1.5519999999999998,0.0,1.5519999999999998,0.250026848769814
0.0,0.4536865792137299,0.0,0.0,1.224,0.0,1.224,0.224891475791424
0.0,1.6042137214563872,0.0,0.0,0.904,0.0,0.904,0.33622244607988
0.0,1.0217909057028032,0.0,0.0,0.9279999999999999,0.0,0.9279999999999999,0.26136666985421403
0.0,0.31161046908089995,0.0,0.0,0.7040000000000001,0.0,0.7040000000000001,0.136141124361779
0.765883653567234,0.0,0.0,0.0,0.22611634643276604,0.0,0.992,0.0303105714022353
2.2,0.0,0.0,0.0,0.0,0.0,2.2,0.0
2.912,0.0,0.0,0.0,0.0,0.0,2.912,0.0
1.528,0.0,0.0,0.0,0.0,0.0,1.528,0.0
1.68,0.0,0.0,0.0,0.0,0.0,1.68,0.0
1.256,0.0,0.0,0.0,0.0,0.0,1.256,0.0
0.8959999999999999,0.0,0.0,0.0,0.0,0.0,0.8959999999999999,0.0
0.528,0.0,0.0,0.0,0.0,0.0,0.528,0.0
0.64,0.0,0.0,0.0,0.0,0.0,0.64,0.0
0.752,0.0,0.0,0.0,0.0,0.0,0.752,0.0
0.536,0.0,0.0,0.0,0.0,0.0,0.536,0.0
0.408,0.0,0.0,0.0,0.0,0.0,0.408,0.0
0.68,0.0,0.0,0.0,0.0,0.0,0.68,0.0
0.46399999999999997,0.0,0.0,0.0,0.0,0.0,0.46399999999999997,0.0
0.9219275371073562,0.0,0.0,0.0,0.19007246289264387,0.0,1.112,0.0254789405940594
0.0,0.26428487846029924,0.0,0.0,0.568,0.0,0.568,0.11156659230327999
0.0,0.8096183356707983,0.0,0.0,0.816,0.0,0.816,0.217911802545349
0.0,1.6081771969035843,0.0,0.0,0.76,0.0,0.76,0.317450751139016
0.0,2.127378974703347,0.0,0.0,0.8079999999999999,0.0,0.8079999999999999,0.39348333461518
0.0,2.3846980074358894,0.0,0.0,0.664,0.0,0.664,0.40867358815968996
0.0,2.331247471415649,0.0,0.0,0.64,0.0,0.64,0.3982914550710461
0.0,1.8234532092030111,0.0,0.0,0.816,0.0,0.816,0.35381491087463396
0.0,1.184178268018941,0.0,0.0,0.8,0.0,0.8,0.265976246372061
0.0,0.4004959736383745,0.0,0.0,0.64,0.0,0.64,0.139476990497376
1.0863088549016444,0.0,0.0,0.0,0.27369114509835557,0.0,1.36,0.0366879048177524
2.72,0.0,0.0,0.0,0.0,0.0,2.72,0.0
3.7119999999999997,0.0,0.0,0.0,0.0,0.0,3.7119999999999997,0.0
1.5759999999999998,0.0,0.0,0.0,0.0,0.0,1.5759999999999998,0.0
1.632,0.0,0.0,0.0,0.0,0.0,1.632,0.0
1.264,0.0,0.0,0.0,0.0,0.0,1.264,0.0
0.912,0.0,0.0,0.0,0.0,0.0,0.912,0.0
0.8640000000000001,0.0,0.0,0.0,0.0,0.0,0.8640000000000001,0.0
0.976,0.0,0.0,0.0,0.0,0.0,0.976,0.0
0.9279999999999999,0.0,0.0,0.0,0.0,0.0,0.9279999999999999,0.0
0.552,0.0,0.0,0.0,0.0,0.0,0.552,0.0
0.456,0.0,0.0,0.0,0.0,0.0,0.456,0.0
0.56,0.0,0.0,0.0,0.0,0.0,0.56,0.0
0.664,0.0,0.0,0.0,0.0,0.0,0.664,0.0
0.9175798426704393,0.0,0.0,0.0,0.21042015732956054,0.0,1.128,0.0282065198019802
0.0,0.07609654279431644,0.0,0.0,0.7759999999999999,0.0,0.7759999999999999,0.114222317445964
0.0,0.6649734462715203,0.0,0.0,0.64,0.0,0.64,0.174929815757461
0.0,1.2844164925092212,0.0,0.0,0.7040000000000001,0.0,0.7040000000000001,0.266544374276381
0.0,1.4810856147487033,0.0,0.0,0.68,0.0,0.68,0.28969042205739504
0.0,1.3176378850325063,0.0,0.0,0.816,0.0,0.816,0.286011093320145
0.0,1.0431041786028223,0.0,0.0,1.072,0.0,1.072,0.283526676598632
0.0,1.414665983161019,0.0,0.0,0.888,0.0,0.888,0.308669067049752
0.0,1.2415824737114716,0.0,0.0,0.9440000000000001,0.0,0.9440000000000001,0.292974190809347
0.0,0.0315957571735197,0.0,0.0,1.272,0.0,1.272,0.174745138513052
1.8033210018150432,0.0,0.0,0.0,0.49267899818495664,0.0,2.296,0.0660429119276753
3.4160000000000004,0.0,0.0,0.0,0.0,0.0,3.4160000000000004,0.0
1.6880000000000002,0.0,0.0,0.0,0.0,0.0,1.6880000000000002,0.0
1.528,0.0,0.0,0.0,0.0,0.0,1.528,0.0
1.6159999999999999,0.0,0.0,0.0,0.0,0.0,1.6159999999999999,0.0
1.76,0.0,0.0,0.0,0.0,0.0,1.76,0.0
1.3840000000000001,0.0,0.0,0.0,0.0,0.0,1.3840000000000001,0.0
0.8640000000000001,0.0,0.0,0.0,0.0,0.0,0.8640000000000001,0.0
0.664,0.0,0.0,0.0,0.0,0.0,0.664,0.0
0.648,0.0,0.0,0.0,0.0,0.0,0.648,0.0
0.56,0.0,0.0,0.0,0.0,0.0,0.56,0.0
0.536,0.0,0.0,0.0,0.0,0.0,0.536,0.0
0.5760000000000001,0.0,0.0,0.0,0.0,0.0,0.5760000000000001,0.0
1.344,0.0,0.0,0.0,0.0,0.0,1.344,0.0
1.690613009317486,0.0,0.0,0.0,0.15738699068251397,0.0,1.848,0.021097499999999998
0.0,0.012950998352154741,0.0,0.0,0.784,0.0,0.784,0.106830136435175
0.0,0.6800921665637697,0.0,0.0,0.616,0.0,0.616,0.17373929297141802
0.0,0.6319188576531133,0.0,0.0,0.8079999999999999,0.0,0.8079999999999999,0.19301905429157998
0.6839260136460796,0.0,0.0,0.0,1.2520739863539203,0.0,1.936,0.167838719150481
0.0,0.6165916914006577,0.0,0.0,1.056,0.0,1.056,0.22420851339936
0.0,0.35570131625967716,0.0,0.0,1.04,0.0,1.04,0.187091756390384
0.0,1.0544753071031803,0.0,0.0,0.648,0.0,0.648,0.22821436915370102
0.0,0.980951836978178,0.0,0.0,0.792,0.0,0.792,0.237661646737381
0.0,0.30840580162143105,0.0,0.0,1.024,0.0,1.024,0.17860708358299698
0.6625171632264404,0.0,0.0,0.0,0.49748283677355953,0.0,1.16,0.0666868595893184
4.3839999999999995,0.0,0.0,0.0,0.0,0.0,4.3839999999999995,0.0
3.088,0.0,0.0,0.0,0.0,0.0,3.088,0.0
1.392,0.0,0.0,0.0,0.0,0.0,1.392,0.0
1.36,0.0,0.0,0.0,0.0,0.0,1.36,0.0
1.3840000000000001,0.0,0.0,0.0,0.0,0.0,1.3840000000000001,0.0
1.0959999999999999,0.0,0.0,0.0,0.0,0.0,1.0959999999999999,0.0
0.8640000000000001,0.0,0.0,0.0,0.0,0.0,0.8640000000000001,0.0
0.616,0.0,0.0,0.0,0.0,0.0,0.616,0.0
0.8079999999999999,0.0,0.0,0.0,0.0,0.0,0.8079999999999999,0.0
0.488,0.0,0.0,0.0,0.0,0.0,0.488,0.0
0.664,0.0,0.0,0.0,0.0,0.0,0.664,0.0
0.72,0.0,0.0,0.0,0.0,0.0,0.72,0.0
0.784,0.0,0.0,0.0,0.0,0.0,0.784,0.0
0.7339998703888685,0.0,0.0,0.0,0.05000012961113158,0.0,0.784,0.00670244554455445
0.5859652452931228,0.0,0.0,0.0,0.2780347547068774,0.0,0.8640000000000001,0.0372701594457772
0.4234861769622599,0.0,0.0,0.0,0.6325138230377402,0.0,1.056,0.08478756931351202
1.565218055674122,0.0,0.0,0.0,0.906781944325878,0.0,2.472,0.12155281696062499
2.176722614850159,0.0,0.0,0.0,1.2792773851498414,0.0,3.4560000000000004,0.17148529567887197
0.07313891108818393,0.0,0.0,0.0,1.2468610889118161,0.0,1.32,0.167139937737177
0.04487528196473711,0.0,0.0,0.0,1.227124718035263,0.0,1.272,0.1644943055743
0.19268768118428437,0.0,0.0,0.0,1.2793123188157156,0.0,1.472,0.17148997848659697
1.3032649062199373,0.0,0.0,0.0,0.3767350937800626,0.0,1.68,0.0505007981063579
1.9145604064740536,0.0,0.0,0.0,0.3094395935259466,0.0,2.224,0.0414799329735134
2.9696883085437213,0.0,0.0,0.0,0.04631169145627859,0.0,3.016,0.00620801570867948
4.016,0.0,0.0,0.0,0.0,0.0,4.016,0.0
3.1439999999999997,0.0,0.0,0.0,0.0,0.0,3.1439999999999997,0.0
1.3840000000000001,0.0,0.0,0.0,0.0,0.0,1.3840000000000001,0.0
1.8159999999999998,0.0,0.0,0.0,0.0,0.0,1.8159999999999998,0.0
1.264,0.0,0.0,0.0,0.0,0.0,1.264,0.0
0.76,0.0,0.0,0.0,0.0,0.0,0.76,0.0
0.52,0.0,0.0,0.0,0.0,0.0,0.52,0.0
0.512,0.0,0.0,0.0,0.0,0.0,0.512,0.0
0.488,0.0,0.0,0.0,0.0,0.0,0.488,0.0
0.624,0.0,0.0,0.0,0.0,0.0,0.624,0.0
0.568,0.0,0.0,0.0,0.0,0.0,0.568,0.0
0.64,0.0,0.0,0.0,0.0,0.0,0.64,0.0
1.208,0.0,0.0,0.0,0.0,0.0,1.208,0.0
0.8396636296534314,0.0,0.0,0.0,0.06433637034656853,0.0,0.904,0.008624198019801979
0.0,0.378468978934993,0.0,0.0,0.46399999999999997,0.0,0.46399999999999997,0.112931756341509
0.0,1.075333693979066,0.0,0.0,0.76,0.0,0.76,0.24602384505103397
0.0,1.3692802477094557,0.0,0.0,0.728,0.0,0.728,0.28113740426810396
0.0,1.6440481082834992,0.0,0.0,1.04,0.0,1.04,0.35979279303167
0.0,1.2149446043600427,0.0,0.0,1.4240000000000002,0.0,1.4240000000000002,0.353746733126092
0.0,1.880822191519044,0.0,0.0,0.648,0.0,0.648,0.33898498188580295
0.0,1.5388440906865224,0.0,0.0,0.632,0.0,0.632,0.290998531737905
0.0,0.6776648252594215,0.0,0.0,0.752,0.0,0.752,0.19164451598007298
0.6151864562285693,0.0,0.0,0.0,0.6408135437714307,0.0,1.256,0.0859001349545456
2.2296286058124126,0.0,0.0,0.0,0.026371394187587275,0.0,2.256,0.0035350475058955203
3.1039999999999996,0.0,0.0,0.0,0.0,0.0,3.1039999999999996,0.0
2.432,0.0,0.0,0.0,0.0,0.0,2.432,0.0
2.032,0.0,0.0,0.0,0.0,0.0,2.032,0.0
1.736,0.0,0.0,0.0,0.0,0.0,1.736,0.0
1.48,0.0,0.0,0.0,0.0,0.0,1.48,0.0
0.88,0.0,0.0,0.0,0.0,0.0,0.88,0.0
0.64,0.0,0.0,0.0,0.0,0.0,0.64,0.0
0.52,0.0,0.0,0.0,0.0,0.0,0.52,0.0
0.664,0.0,0.0,0.0,0.0,0.0,0.664,0.0
0.544,0.0,0.0,0.0,0.0,0.0,0.544,0.0
0.528,0.0,0.0,0.0,0.0,0.0,0.528,0.0
0.64,0.0,0.0,0.0,0.0,0.0,0.64,0.0
0.6559999999999999,0.0,0.0,0.0,0.0,0.0,0.6559999999999999,0.0
0.6372060509299193,0.0,0.0,0.0,0.010793949070080727,0.0,0.648,0.00144691336633663
0.5031201934220939,0.0,0.0,0.0,0.336879806577906,0.0,0.84,0.0451582541127207
0.0,0.09874174730685825,0.0,0.0,0.6559999999999999,0.0,0.6559999999999999,0.101172046970052
0.0,1.1423767542694772,0.0,0.0,0.624,0.0,0.624,0.236780266345995
0.0,1.074612658880882,0.0,0.0,1.12,0.0,1.12,0.29418467415860905
0.0,0.6467290514432846,0.0,0.0,1.1840000000000002,0.0,1.1840000000000002,0.24540659933410802
0.0,0.6088453950743886,0.0,0.0,1.192,0.0,1.192,0.24140073812849802
0.0,0.818009240945672,0.0,0.0,0.664,0.0,0.664,0.198661209705213
0.7611286676248771,0.0,0.0,0.0,0.9988713323751229,0.0,1.76,0.13389726713369002
0.1750236686733263,0.0,0.0,0.0,0.9049763313266738,0.0,1.08,0.121310777132012
1.7798124116758656,0.0,0.0,0.0,0.4041875883241346,0.0,2.184,0.0541807655619394
4.224,0.0,0.0,0.0,0.0,0.0,4.224,0.0
2.52,0.0,0.0,0.0,0.0,0.0,2.52,0.0
1.624,0.0,0.0,0.0,0.0,0.0,1.624,0.0
1.632,0.0,0.0,0.0,0.0,0.0,1.632,0.0
1.136,0.0,0.0,0.0,0.0,0.0,1.136,0.0
0.9279999999999999,0.0,0.0,0.0,0.0,0.0,0.9279999999999999,0.0
0.664,0.0,0.0,0.0,0.0,0.0,0.664,0.0
0.68,0.0,0.0,0.0,0.0,0.0,0.68,0.0
0.528,0.0,0.0,0.0,0.0,0.0,0.528,0.0
0.608,0.0,0.0,0.0,0.0,0.0,0.608,0.0
0.7440000000000001,0.0,0.0,0.0,0.0,0.0,0.7440000000000001,0.0
0.8320000000000001,0.0,0.0,0.0,0.0,0.0,0.8320000000000001,0.0
0.9440000000000001,0.0,0.0,0.0,0.0,0.0,0.9440000000000001,0.0
0.648,0.0,0.0,0.0,0.0,0.0,0.648,0.0
0.3798344746587381,0.0,0.0,0.0,0.46016552534126187,0.0,0.84,0.0616845276015935
0.0,0.34284954623594854,0.0,0.0,0.7440000000000001,0.0,0.7440000000000001,0.14569062031288
0.0,0.43507788420982485,0.0,0.0,1.504,0.0,1.504,0.259930604713328
0.0,1.3475165972292737,0.0,0.0,0.8079999999999999,0.0,0.8079999999999999,0.288943903259325
0.0,1.5211431704161675,0.0,0.0,0.736,0.0,0.736,0.30256679939904196
0.0,1.4641613280014394,0.0,0.0,0.8320000000000001,0.0,0.8320000000000001,0.30779712737015
0.0,2.424575999253818,0.0,0.0,0.848,0.0,0.848,0.43868411134141
0.0,1.4482275876663735,0.0,0.0,0.8959999999999999,0.0,0.8959999999999999,0.3142403404266
0.0,0.7263931046886579,0.0,0.0,0.7440000000000001,0.0,0.7440000000000001,0.19710408332761603
0.6985416302901848,0.0,0.0,0.0,0.43745836970981505,0.0,1.136,0.0586406660101305
3.984,0.0,0.0,0.0,0.0,0.0,3.984,0.0
3.688,0.0,0.0,0.0,0.0,0.0,3.688,0.0
1.7280000000000002,0.0,0.0,0.0,0.0,0.0,1.7280000000000002,0.0
1.568,0.0,0.0,0.0,0.0,0.0,1.568,0.0
1.064,0.0,0.0,0.0,0.0,0.0,1.064,0.0
0.84,0.0,0.0,0.0,0.0,0.0,0.84,0.0
0.6559999999999999,0.0,0.0,0.0,0.0,0.0,0.6559999999999999,0.0
0.84,0.0,0.0,0.0,0.0,0.0,0.84,0.0
0.552,0.0,0.0,0.0,0.0,0.0,0.552,0.0
0.6,0.0,0.0,0.0,0.0,0.0,0.6,0.0
0.6,0.0,0.0,0.0,0.0,0.0,0.6,0.0
0.976,0.0,0.0,0.0,0.0,0.0,0.976,0.0
1.376,0.0,0.0,0.0,0.0,0.0,1.376,0.0
1.44,0.0,0.0,0.0,0.0,0.0,1.44,0.0
0.5061593282257587,0.0,0.0,0.0,0.5098406717742413,0.0,1.016,0.0683434096179851
0.0,0.814580568441846,0.0,0.0,0.632,0.0,0.632,0.19391204705264498
0.0,1.4792904717315682,0.0,0.0,0.56,0.0,0.56,0.273363958105953
0.0,1.7649881007878165,0.0,0.0,0.8079999999999999,0.0,0.8079999999999999,0.34490535857486204
0.0,2.110660733973653,0.0,0.0,0.64,0.0,0.64,0.36872211981022796
0.0,1.9342014441723345,0.0,0.0,0.728,0.0,0.728,0.35686427909232504
0.0,1.5479904619197145,0.0,0.0,0.9520000000000001,0.0,0.9520000000000001,0.33512012995246304
0.0,0.990282332111061,0.0,0.0,0.8640000000000001,0.0,0.8640000000000001,0.24856388277115402
0.0,0.5296777179894618,0.0,0.0,0.688,0.0,0.688,0.163227948789651
0.3965706567094331,0.0,0.0,0.0,0.3794293432905668,0.0,0.7759999999999999,0.050861958382702
1.568,0.0,0.0,0.0,0.0,0.0,1.568,0.0
3.28,0.0,0.0,0.0,0.0,0.0,3.28,0.0
1.632,0.0,0.0,0.0,0.0,0.0,1.632,0.0
2.072,0.0,0.0,0.0,0.0,0.0,2.072,0.0
1.96,0.0,0.0,0.0,0.0,0.0,1.96,0.0
0.9440000000000001,0.0,0.0,0.0,0.0,0.0,0.9440000000000001,0.0
0.632,0.0,0.0,0.0,0.0,0.0,0.632,0.0
0.528,0.0,0.0,0.0,0.0,0.0,0.528,0.0
0.64,0.0,0.0,0.0,0.0,0.0,0.64,0.0
0.72,0.0,0.0,0.0,0.0,0.0,0.72,0.0
0.7120000000000001,0.0,0.0,0.0,0.0,0.0,0.7120000000000001,0.0
0.688,0.0,0.0,0.0,0.0,0.0,0.688,0.0
0.904,0.0,0.0,0.0,0.0,0.0,0.904,0.0
0.7759999999999999,0.0,0.0,0.0,0.0,0.0,0.7759999999999999,0.0
1.1830827591922428,0.0,0.0,0.0,0.2169172408077571,0.0,1.4,0.0290774445085702
1.140007989059702,0.0,0.0,0.0,1.1239920109402983,0.0,2.2640000000000002,0.15066951434790699
0.0,0.35462857769990164,0.0,0.0,1.112,0.0,1.112,0.19659945389286498
0.0,0.2962159462188284,0.0,0.0,0.9440000000000001,0.0,0.9440000000000001,0.16624916590554503
0.0,1.1146105369180597,0.0,0.0,0.92,0.0,0.92,0.272736619567362
0.0,1.4531894926547602,0.0,0.0,0.568,0.0,0.568,0.27093754786444
0.0,1.0972233381910481,0.0,0.0,0.872,0.0,0.872,0.26397155951277396
0.0,0.47749822677721243,0.0,0.0,0.9520000000000001,0.0,0.9520000000000001,0.19162218369286702
0.5550038188302545,0.0,0.0,0.0,0.49299618116974553,0.0,1.048,0.0660854298511235
1.104,0.0,0.0,0.0,0.0,0.0,1.104,0.0
2.104,0.0,0.0,0.0,0.0,0.0,2.104,0.0
2.576,0.0,0.0,0.0,0.0,0.0,2.576,0.0
2.376,0.0,0.0,0.0,0.0,0.0,2.376,0.0
1.992,0.0,0.0,0.0,0.0,0.0,1.992,0.0
1.976,0.0,0.0,0.0,0.0,0.0,1.976,0.0
1.416,0.0,0.0,0.0,0.0,0.0,1.416,0.0
0.848,0.0,0.0,0.0,0.0,0.0,0.848,0.0
0.616,0.0,0.0,0.0,0.0,0.0,0.616,0.0
0.8320000000000001,0.0,0.0,0.0,0.0,0.0,0.8320000000000001,0.0
0.664,0.0,0.0,0.0,0.0,0.0,0.664,0.0
0.632,0.0,0.0,0.0,0.0,0.0,0.632,0.0
0.632,0.0,0.0,0.0,0.0,0.0,0.632,0.0
0.7040000000000001,0.0,0.0,0.0,0.0,0.0,0.7040000000000001,0.0
0.7759999999999999,0.0,0.0,0.0,0.0,0.0,0.7759999999999999,0.0
0.8405238981314984,0.0,0.0,0.0,0.14347610186850163,0.0,0.9840000000000001,0.019232765338762003
0.0,0.23400820965109514,0.0,0.0,0.992,0.0,0.992,0.16434463922937
0.7790961719103192,0.0,0.0,0.0,0.7649038280896808,0.0,1.544,0.102534259300219
0.0,0.5351718772773635,0.0,0.0,0.768,0.0,0.768,0.174688318021915
0.37378959108823884,0.0,0.0,0.0,0.7702104089117613,0.0,1.1440000000000001,0.103245598836024
0.0,0.5136074252486731,0.0,0.0,0.76,0.0,0.76,0.17072524569954298
0.0,1.288701588670509,0.0,0.0,0.72,0.0,0.72,0.269263562275382
0.0,0.23552852176855277,0.0,0.0,1.52,0.0,1.52,0.23532607636373698
0.5559528853549104,0.0,0.0,0.0,0.9000471146450896,0.0,1.456,0.12065002271712198
1.264,0.0,0.0,0.0,0.0,0.0,1.264,0.0
1.8719999999999999,0.0,0.0,0.0,0.0,0.0,1.8719999999999999,0.0
1.232,0.0,0.0,0.0,0.0,0.0,1.232,0.0
1.192,0.0,0.0,0.0,0.0,0.0,1.192,0.0
1.4,0.0,0.0,0.0,0.0,0.0,1.4,0.0
1.208,0.0,0.0,0.0,0.0,0.0,1.208,0.0
0.7759999999999999,0.0,0.0,0.0,0.0,0.0,0.7759999999999999,0.0
0.6,0.0,0.0,0.0,0.0,0.0,0.6,0.0
0.528,0.0,0.0,0.0,0.0,0.0,0.528,0.0
0.688,0.0,0.0,0.0,0.0,0.0,0.688,0.0
0.568,0.0,0.0,0.0,0.0,0.0,0.568,0.0
0.568,0.0,0.0,0.0,0.0,0.0,0.568,0.0
0.512,0.0,0.0,0.0,0.0,0.0,0.512,0.0
0.6,0.0,0.0,0.0,0.0,0.0,0.6,0.0
0.7041906592680677,0.0,0.0,0.0,0.023809340731932263,0.0,0.728,0.00319160792079208
0.08008834666587317,0.0,0.0,0.0,0.8399116533341269,0.0,0.92,0.112588950518548
0.0,1.147613508189521,0.0,0.0,0.9359999999999999,0.0,0.9359999999999999,0.27930539746899397
0.0,2.0655795750049815,0.0,0.0,1.032,0.0,1.032,0.415226092069427
0.0,2.597712175655246,0.0,0.0,1.072,0.0,1.072,0.491919645265117
0.0,3.1324034308773028,0.0,0.0,0.688,0.0,0.688,0.512119591545687
0.0,2.670777807079501,0.0,0.0,1.032,0.0,1.032,0.496352045655696
0.0,2.2311198509332923,0.0,0.0,0.96,0.0,0.96,0.427765031678346
0.0,1.2952399010510782,0.0,0.0,1.048,0.0,1.048,0.314107942454723
0.37487373652487843,0.0,0.0,0.0,1.4251262634751216,0.0,1.8,0.191036128292952
1.4345588971870153,0.0,0.0,0.0,0.36544110281298464,0.0,1.8,0.0489868548420853
2.7039999999999997,0.0,0.0,0.0,0.0,0.0,2.7039999999999997,0.0
2.28,0.0,0.0,0.0,0.0,0.0,2.28,0.0
1.808,0.0,0.0,0.0,0.0,0.0,1.808,0.0
1.6,0.0,0.0,0.0,0.0,0.0,1.6,0.0
1.232,0.0,0.0,0.0,0.0,0.0,1.232,0.0
0.728,0.0,0.0,0.0,0.0,0.0,0.728,0.0
0.496,0.0,0.0,0.0,0.0,0.0,0.496,0.0
0.46399999999999997,0.0,0.0,0.0,0.0,0.0,0.46399999999999997,0.0
0.584,0.0,0.0,0.0,0.0,0.0,0.584,0.0
0.6,0.0,0.0,0.0,0.0,0.0,0.6,0.0
0.6559999999999999,0.0,0.0,0.0,0.0,0.0,0.6559999999999999,0.0
0.6559999999999999,0.0,0.0,0.0,0.0,0.0,0.6559999999999999,0.0
1.48,0.0,0.0,0.0,0.0,0.0,1.48,0.0
0.8883966101939175,0.0,0.0,0.0,0.023603389806082564,0.0,0.912,0.00316400049504951
0.6211908334823564,0.0,0.0,0.0,0.4028091665176437,0.0,1.024,0.0539959900990099
0.03233393261565565,0.0,0.0,0.0,0.9436660673843443,0.0,0.976,0.12649708066915302
0.0,0.6188428227967814,0.0,0.0,0.9840000000000001,0.0,0.9840000000000001,0.214858777763721
0.0,0.896844978748125,0.0,0.0,0.992,0.0,0.992,0.25319695590040897
0.0,1.7503399198098752,0.0,0.0,0.456,0.0,0.456,0.29575669663884396
0.0,1.3918555072864074,0.0,0.0,0.696,0.0,0.696,0.279874031353907
0.0,0.37725051393071485,0.0,0.0,0.872,0.0,0.872,0.16746023672833
0.2938976743593421,0.0,0.0,0.0,0.7221023256406579,0.0,1.016,0.0967967793852505
0.4035106780946615,0.0,0.0,0.0,0.44448932190533846,0.0,0.848,0.0595831550513263
1.712,0.0,0.0,0.0,0.0,0.0,1.712,0.0
4.736000000000001,0.0,0.0,0.0,0.0,0.0,4.736000000000001,0.0
3.128,0.0,0.0,0.0,0.0,0.0,3.128,0.0
1.6480000000000001,0.0,0.0,0.0,0.0,0.0,1.6480000000000001,0.0
1.016,0.0,0.0,0.0,0.0,0.0,1.016,0.0
0.92,0.0,0.0,0.0,0.0,0.0,0.92,0.0
0.608,0.0,0.0,0.0,0.0,0.0,0.608,0.0
0.5920000000000001,0.0,0.0,0.0,0.0,0.0,0.5920000000000001,0.0
0.64,0.0,0.0,0.0,0.0,0.0,0.64,0.0
0.664,0.0,0.0,0.0,0.0,0.0,0.664,0.0
0.5760000000000001,0.0,0.0,0.0,0.0,0.0,0.5760000000000001,0.0
0.46399999999999997,0.0,0.0,0.0,0.0,0.0,0.46399999999999997,0.0
0.736,0.0,0.0,0.0,0.0,0.0,0.736,0.0
0.7120000000000001,0.0,0.0,0.0,0.0,0.0,0.7120000000000001,0.0
0.7653933666705905,0.0,0.0,0.0,0.010606633329409315,0.0,0.7759999999999999,0.00142180396039604
0.33749620385113394,0.0,0.0,0.0,0.39850379614886605,0.0,0.736,0.0534188613861386
0.0,0.2412987747863954,0.0,0.0,0.624,0.0,0.624,0.115992057678273
0.0,0.3714300715868253,0.0,0.0,0.8959999999999999,0.0,0.8959999999999999,0.169897180315513
0.0,0.03876217868650289,0.0,0.0,1.456,0.0,1.456,0.20037072268859502
0.0,0.3240067248623393,0.0,0.0,1.264,0.0,1.264,0.212870020149038
0.0,0.29371395760043084,0.0,0.0,1.1520000000000001,0.0,1.1520000000000001,0.19379587911432003
0.0,0.41822867769114247,0.0,0.0,0.7440000000000001,0.0,0.7440000000000001,0.155795084595344
0.0,0.1009189396497786,0.0,0.0,0.64,0.0,0.64,0.0993191194613641
0.49707744950945904,0.0,0.0,0.0,0.33492255049054104,0.0,0.8320000000000001,0.0448958867459891
2.008,0.0,0.0,0.0,0.0,0.0,2.008,0.0
5.352,0.0,0.0,0.0,0.0,0.0,5.352,0.0
3.016,0.0,0.0,0.0,0.0,0.0,3.016,0.0
1.3359999999999999,0.0,0.0,0.0,0.0,0.0,1.3359999999999999,0.0
1.256,0.0,0.0,0.0,0.0,0.0,1.256,0.0
1.0959999999999999,0.0,0.0,0.0,0.0,0.0,1.0959999999999999,0.0
0.92,0.0,0.0,0.0,0.0,0.0,0.92,0.0
0.792,0.0,0.0,0.0,0.0,0.0,0.792,0.0
0.6559999999999999,0.0,0.0,0.0,0.0,0.0,0.6559999999999999,0.0
0.47200000000000003,0.0,0.0,0.0,0.0,0.0,0.47200000000000003,0.0
0.488,0.0,0.0,0.0,0.0,0.0,0.488,0.0
0.48,0.0,0.0,0.0,0.0,0.0,0.48,0.0
0.696,0.0,0.0,0.0,0.0,0.0,0.696,0.0
0.544,0.0,0.0,0.0,0.0,0.0,0.544,0.0
0.7759999999999999,0.0,0.0,0.0,0.0,0.0,0.7759999999999999,0.0
0.44021324086496827,0.0,0.0,0.0,0.33578675913503164,0.0,0.7759999999999999,0.0450117326732673
0.0,0.22656364326538525,0.0,0.0,0.616,0.0,0.616,0.11294444595900399
0.0,0.614572669630766,0.0,0.0,0.672,0.0,0.672,0.172463218083188
0.0,0.4963980967260999,0.0,0.0,1.208,0.0,1.208,0.228472116340388
0.0,0.9591671513847456,0.0,0.0,0.816,0.0,0.816,0.23795860645107703
0.0,0.7507293488044265,0.0,0.0,0.888,0.0,0.888,0.219669315020727
0.13561834397498673,0.0,0.0,0.0,1.3523816560250135,0.0,1.4880000000000002,0.18128481816863198
0.7871127496423608,0.0,0.0,0.0,0.8128872503576393,0.0,1.6,0.10896636812260801
0.30014454088964,0.0,0.0,0.0,0.4038554591103601,0.0,0.7040000000000001,0.0541362441179673
2.0,0.0,0.0,0.0,0.0,0.0,2.0,0.0
4.352,0.0,0.0,0.0,0.0,0.0,4.352,0.0
1.6480000000000001,0.0,0.0,0.0,0.0,0.0,1.6480000000000001,0.0
1.9680000000000002,0.0,0.0,0.0,0.0,0.0,1.9680000000000002,0.0
1.456,0.0,0.0,0.0,0.0,0.0,1.456,0.0
1.344,0.0,0.0,0.0,0.0,0.0,1.344,0.0
0.976,0.0,0.0,0.0,0.0,0.0,0.976,0.0
0.7440000000000001,0.0,0.0,0.0,0.0,0.0,0.7440000000000001,0.0
0.504,0.0,0.0,0.0,0.0,0.0,0.504,0.0
0.584,0.0,0.0,0.0,0.0,0.0,0.584,0.0
0.616,0.0,0.0,0.0,0.0,0.0,0.616,0.0
0.64,0.0,0.0,0.0,0.0,0.0,0.64,0.0
0.6,0.0,0.0,0.0,0.0,0.0,0.6,0.0
0.904,0.0,0.0,0.0,0.0,0.0,0.904,0.0
0.64,0.0,0.0,0.0,0.0,0.0,0.64,0.0
0.6103329840180334,0.0,0.0,0.0,0.1976670159819665,0.0,0.8079999999999999,0.0264969795254041
0.0,0.257200054077929,0.0,0.0,0.872,0.0,0.872,0.15136764504867
0.0,1.0277776165048598,0.0,0.0,0.768,0.0,0.768,0.24072140969158604
0.0,1.6160255659958664,0.0,0.0,0.8,0.0,0.8,0.323864756277222
0.0,2.306675480187546,0.0,0.0,0.536,0.0,0.536,0.38105656435249396
0.0,2.173336880773314,0.0,0.0,0.624,0.0,0.624,0.374978990234114
0.0,2.1642614812756,0.0,0.0,0.52,0.0,0.52,0.35982139537473107
0.0,1.6237310713360178,0.0,0.0,0.64,0.0,0.64,0.30344989805321804
0.0,0.7101550777819353,0.0,0.0,0.68,0.0,0.68,0.18634829109012802
1.7224478973083635,0.0,0.0,0.0,0.021552102691636515,0.0,1.744,0.0028890284042219698
3.4160000000000004,0.0,0.0,0.0,0.0,0.0,3.4160000000000004,0.0
1.2479999999999984,0.0,0.0,0.0,0.0,0.0,1.248,0.0
1.696,0.0,0.0,0.0,0.0,0.0,1.696,0.0
2.488,0.0,0.0,0.0,0.0,0.0,2.488,0.0
2.3280000000000003,0.0,0.0,0.0,0.0,0.0,2.3280000000000003,0.0
0.92,0.0,0.0,0.0,0.0,0.0,0.92,0.0
0.47200000000000003,0.0,0.0,0.0,0.0,0.0,0.47200000000000003,0.0
0.456,0.0,0.0,0.0,0.0,0.0,0.456,0.0
0.552,0.0,0.0,0.0,0.0,0.0,0.552,0.0
0.616,0.0,0.0,0.0,0.0,0.0,0.616,0.0
0.616,0.0,0.0,0.0,0.0,0.0,0.616,0.0
0.584,0.0,0.0,0.0,0.0,0.0,0.584,0.0
1.024,0.0,0.0,0.0,0.0,0.0,1.024,0.0
0.5849688388974095,0.0,0.0,0.0,0.023031161102590514,0.0,0.608,0.0030872940594059398
0.3720485278769089,0.0,0.0,0.0,0.2679514721230911,0.0,0.64,0.0359185099009901
0.9763445503142621,0.0,0.0,0.0,0.7916554496857379,0.0,1.768,0.10612027574398801
1.7811817962502356,0.0,0.0,0.0,0.8908182037497642,0.0,2.6719999999999997,0.119412900469789
0.0,0.06327615249712615,0.0,0.0,1.4480000000000002,0.0,1.4480000000000002,0.20258439715405602
0.0,0.9868199262634382,0.0,0.0,0.848,0.0,0.848,0.24595497522682896
0.0,1.172443967319504,0.0,0.0,0.856,0.0,0.856,0.271909999771524
0.30111296216162575,0.0,0.0,0.0,1.1708870378383742,0.0,1.472,0.15695572533454402
0.0,0.2193343075430122,0.0,0.0,0.672,0.0,0.672,0.119482083441843
0.43784892724847063,0.0,0.0,0.0,0.3221510727515294,0.0,0.76,0.0431838885024854
1.272,0.0,0.0,0.0,0.0,0.0,1.272,0.0
3.0,0.0,0.0,0.0,0.0,0.0,3.0,0.0
2.32,0.0,0.0,0.0,0.0,0.0,2.32,0.0
1.5759999999999998,0.0,0.0,0.0,0.0,0.0,1.5759999999999998,0.0
1.776,0.0,0.0,0.0,0.0,0.0,1.776,0.0
1.712,0.0,0.0,0.0,0.0,0.0,1.712,0.0
1.672,0.0,0.0,0.0,0.0,0.0,1.672,0.0
1.4880000000000002,0.0,0.0,0.0,0.0,0.0,1.4880000000000002,0.0
0.72,0.0,0.0,0.0,0.0,0.0,0.72,0.0
0.44,0.0,0.0,0.0,0.0,0.0,0.44,0.0
0.44799999999999995,0.0,0.0,0.0,0.0,0.0,0.44799999999999995,0.0
0.48,0.0,0.0,0.0,0.0,0.0,0.48,0.0
0.584,0.0,0.0,0.0,0.0,0.0,0.584,0.0
0.792,0.0,0.0,0.0,0.0,0.0,0.792,0.0
0.664,0.0,0.0,0.0,0.0,0.0,0.664,0.0
1.756900954064037,0.0,0.0,0.0,0.139099045935963,0.0,1.896,0.0186460272790515
0.29869014179869147,0.0,0.0,0.0,0.5973098582013084,0.0,0.8959999999999999,0.0800685284009448
0.02490088039243532,0.0,0.0,0.0,1.0630991196075648,0.0,1.088,0.142506909743033
0.0,0.31798174966983117,0.0,0.0,1.4880000000000002,0.0,1.4880000000000002,0.24208925908316797
0.1968477912531681,0.0,0.0,0.0,1.211152208746832,0.0,1.4080000000000001,0.16235321365017497
0.0,1.675509344104368,0.0,0.0,1.032,0.0,1.032,0.36293773798921897
0.0,2.196949075097738,0.0,0.0,0.8959999999999999,0.0,0.8959999999999999,0.414605380209003
0.0,0.3212773431415177,0.0,0.0,1.008,0.0,1.008,0.178187718218085
0.5671989164402667,0.0,0.0,0.0,0.7288010835597334,0.0,1.296,0.0976947382609163
1.916828219852967,0.0,0.0,0.0,0.011171780147033211,0.0,1.9280000000000002,0.0014975610794127699
2.984,0.0,0.0,0.0,0.0,0.0,2.984,0.0
2.64,0.0,0.0,0.0,0.0,0.0,2.64,0.0
2.016,0.0,0.0,0.0,0.0,0.0,2.016,0.0
2.384,0.0,0.0,0.0,0.0,0.0,2.384,0.0
1.368,0.0,0.0,0.0,0.0,0.0,1.368,0.0
1.24,0.0,0.0,0.0,0.0,0.0,1.24,0.0
1.0959999999999999,0.0,0.0,0.0,0.0,0.0,1.0959999999999999,0.0
0.76,0.0,0.0,0.0,0.0,0.0,0.76,0.0
0.608,0.0,0.0,0.0,0.0,0.0,0.608,0.0
0.6,0.0,0.0,0.0,0.0,0.0,0.6,0.0
0.504,0.0,0.0,0.0,0.0,0.0,0.504,0.0
0.584,0.0,0.0,0.0,0.0,0.0,0.584,0.0
0.768,0.0,0.0,0.0,0.0,0.0,0.768,0.0
0.792,0.0,0.0,0.0,0.0,0.0,0.792,0.0
0.8002756389302224,0.0,0.0,0.0,0.11172436106977765,0.0,0.912,0.0149764900990099
0.43927219443884125,0.0,0.0,0.0,0.5207278055611587,0.0,0.96,0.0698028142617452
2.271072133863056,0.0,0.0,0.0,0.6729278661369441,0.0,2.944,0.0902050137324438
3.278680781061537,0.0,0.0,0.0,0.8253192189384632,0.0,4.104,0.110632855651193
2.500708528774904,0.0,0.0,0.0,1.171291471225096,0.0,3.6719999999999997,0.15700993904902802
1.5805488070282872,0.0,0.0,0.0,0.8194511929717129,0.0,2.4,0.10984625520031299
0.08964324437574578,0.0,0.0,0.0,1.726356755624254,0.0,1.8159999999999998,0.231415643020038
2.5557920256603213,0.0,0.0,0.0,1.0362079743396786,0.0,3.592,0.138902190351494
2.9818142096649733,0.0,0.0,0.0,0.4341857903350272,0.0,3.4160000000000004,0.0582019814463036
4.168,0.0,0.0,0.0,0.0,0.0,4.168,0.0
4.928,0.0,0.0,0.0,0.0,0.0,4.928,0.0
2.432,0.0,0.0,0.0,0.0,0.0,2.432,0.0
2.296,0.0,0.0,0.0,0.0,0.0,2.296,0.0
1.64,0.0,0.0,0.0,0.0,0.0,1.64,0.0
1.672,0.0,0.0,0.0,0.0,0.0,1.672,0.0
0.8079999999999999,0.0,0.0,0.0,0.0,0.0,0.8079999999999999,0.0
0.52,0.0,0.0,0.0,0.0,0.0,0.52,0.0
0.552,0.0,0.0,0.0,0.0,0.0,0.552,0.0
0.43200000000000005,0.0,0.0,0.0,0.0,0.0,0.43200000000000005,0.0
0.536,0.0,0.0,0.0,0.0,0.0,0.536,0.0
0.664,0.0,0.0,0.0,0.0,0.0,0.664,0.0
0.696,0.0,0.0,0.0,0.0,0.0,0.696,0.0
1.104,0.0,0.0,0.0,0.0,0.0,1.104,0.0
0.768,0.0,0.0,0.0,0.0,0.0,0.768,0.0
0.4795067500179405,0.0,0.0,0.0,0.04849324998205952,0.0,0.528,0.0065004504950495106
0.616407927496273,0.0,0.0,0.0,0.127592072503727,0.0,0.7440000000000001,0.0171035340212935
1.4309279280911769,0.0,0.0,0.0,0.16107207190882306,0.0,1.5919999999999999,0.0215914798444262
0.6162912248484,0.0,0.0,0.0,0.2157087751516,0.0,0.8320000000000001,0.0289154514234352
0.5839601420859346,0.0,0.0,0.0,0.24003985791406549,0.0,0.8240000000000001,0.0321769981138895
0.8702617975834954,0.0,0.0,0.0,0.3537382024165045,0.0,1.224,0.0474180978562376
0.0,0.309298582768028,0.0,0.0,0.9440000000000001,0.0,0.9440000000000001,0.16800287454054597
0.30768962455614635,0.0,0.0,0.0,0.6923103754438537,0.0,1.0,0.092803211260265
0.9401849764282664,0.0,0.0,0.0,0.2518150235717336,0.0,1.192,0.0337554421541837
3.3760000000000003,0.0,0.0,0.0,0.0,0.0,3.3760000000000003,0.0
4.416,0.0,0.0,0.0,0.0,0.0,4.416,0.0
1.608,0.0,0.0,0.0,0.0,0.0,1.608,0.0
1.712,0.0,0.0,0.0,0.0,0.0,1.712,0.0
1.6640000000000001,0.0,0.0,0.0,0.0,0.0,1.6640000000000001,0.0
1.12,0.0,0.0,0.0,0.0,0.0,1.12,0.0
0.48,0.0,0.0,0.0,0.0,0.0,0.48,0.0
0.512,0.0,0.0,0.0,0.0,0.0,0.512,0.0
0.672,0.0,0.0,0.0,0.0,0.0,0.672,0.0
0.552,0.0,0.0,0.0,0.0,0.0,0.552,0.0
0.384,0.0,0.0,0.0,0.0,0.0,0.384,0.0
0.536,0.0,0.0,0.0,0.0,0.0,0.536,0.0
0.5920000000000001,0.0,0.0,0.0,0.0,0.0,0.5920000000000001,0.0
0.624,0.0,0.0,0.0,0.0,0.0,0.624,0.0
0.88,0.0,0.0,0.0,0.0,0.0,0.88,0.0
0.4022623982449804,0.0,0.0,0.0,0.26173760175501964,0.0,0.664,0.0350855495049505
0.0,0.7747526413715996,0.0,0.0,0.624,0.0,0.624,0.18750078213812602
0.0,1.3555457720919593,0.0,0.0,0.56,0.0,0.56,0.256776158889987
0.0,0.5920354221530908,0.0,0.0,1.416,0.0,1.416,0.269174263610732
0.0,1.141603419307633,0.0,0.0,0.992,0.0,0.992,0.286006473239239
0.0,2.1338574879346512,0.0,0.0,0.968,0.0,0.968,0.415799540152031
0.0,1.6208441734854135,0.0,0.0,0.9279999999999999,0.0,0.9279999999999999,0.341668899804963
0.0,0.1553413961073935,0.0,0.0,0.8959999999999999,0.0,0.8959999999999999,0.140930803798894
0.9567040670752558,0.0,0.0,0.0,0.4912959329247443,0.0,1.4480000000000002,0.0658575140164452
2.952,0.0,0.0,0.0,0.0,0.0,2.952,0.0
5.152,0.0,0.0,0.0,0.0,0.0,5.152,0.0
1.5119999999999998,0.0,0.0,0.0,0.0,0.0,1.5119999999999998,0.0
1.976,0.0,0.0,0.0,0.0,0.0,1.976,0.0
1.7519999999999998,0.0,0.0,0.0,0.0,0.0,1.7519999999999998,0.0
1.432,0.0,0.0,0.0,0.0,0.0,1.432,0.0
1.032,0.0,0.0,0.0,0.0,0.0,1.032,0.0
0.44,0.0,0.0,0.0,0.0,0.0,0.44,0.0
0.488,0.0,0.0,0.0,0.0,0.0,0.488,0.0
0.408,0.0,0.0,0.0,0.0,0.0,0.408,0.0
0.52,0.0,0.0,0.0,0.0,0.0,0.52,0.0
0.568,0.0,0.0,0.0,0.0,0.0,0.568,0.0
0.7120000000000001,0.0,0.0,0.0,0.0,0.0,0.7120000000000001,0.0
1.048,0.0,0.0,0.0,0.0,0.0,1.048,0.0
0.856,0.0,0.0,0.0,0.0,0.0,0.856,0.0
0.6422183601932436,0.0,0.0,0.0,0.021781639806756455,0.0,0.664,0.00291979752475247
0.11087012218698084,0.0,0.0,0.0,0.48112987781301925,0.0,0.5920000000000001,0.0644947689331983
0.0,0.9911206198867742,0.0,0.0,0.7440000000000001,0.0,0.7440000000000001,0.23259042643432604
0.0,1.0920132155119764,0.0,0.0,0.912,0.0,0.912,0.268635092588763
0.549847754083794,0.0,0.0,0.0,1.1781522459162062,0.0,1.7280000000000002,0.157929616040233
0.0,0.8081415308799088,0.0,0.0,0.84,0.0,0.84,0.220931004506474
1.1550934123310541,0.0,0.0,0.0,0.6769065876689457,0.0,1.8319999999999999,0.0907383556380066
0.4966651214655865,0.0,0.0,0.0,0.24733487853441358,0.0,0.7440000000000001,0.0331548851480743
0.6614910824865752,0.0,0.0,0.0,0.15450891751342477,0.0,0.816,0.0207116984263023
1.544,0.0,0.0,0.0,0.0,0.0,1.544,0.0
2.944,0.0,0.0,0.0,0.0,0.0,2.944,0.0
4.6080000000000005,0.0,0.0,0.0,0.0,0.0,4.6080000000000005,0.0
2.16,0.0,0.0,0.0,0.0,0.0,2.16,0.0
2.5839999999999996,0.0,0.0,0.0,0.0,0.0,2.5839999999999996,0.0
2.6719999999999997,0.0,0.0,0.0,0.0,0.0,2.6719999999999997,0.0
0.96,0.0,0.0,0.0,0.0,0.0,0.96,0.0
0.696,0.0,0.0,0.0,0.0,0.0,0.696,0.0
0.584,0.0,0.0,0.0,0.0,0.0,0.584,0.0
0.5760000000000001,0.0,0.0,0.0,0.0,0.0,0.5760000000000001,0.0
0.44799999999999995,0.0,0.0,0.0,0.0,0.0,0.44799999999999995,0.0
0.504,0.0,0.0,0.0,0.0,0.0,0.504,0.0
0.616,0.0,0.0,0.0,0.0,0.0,0.616,0.0
0.848,0.0,0.0,0.0,0.0,0.0,0.848,0.0
0.8640000000000001,0.0,0.0,0.0,0.0,0.0,0.8640000000000001,0.0
0.8075490740860796,0.0,0.0,0.0,0.0324509259139204,0.0,0.84,0.00435
0.5493677536704364,0.0,0.0,0.0,0.2826322463295636,0.0,0.8320000000000001,0.0378864465930757
0.0,0.7753265479743805,0.0,0.0,0.76,0.0,0.76,0.20580831811716102
0.0,0.483978495848462,0.0,0.0,0.648,0.0,0.648,0.15174009117652099
0.029864235583577647,0.0,0.0,0.0,0.6901357644164223,0.0,0.72,0.092511707776068
0.0,0.5057419442614152,0.0,0.0,0.6,0.0,0.6,0.148223119127514
0.0,0.6231061858013894,0.0,0.0,0.7759999999999999,0.0,0.7759999999999999,0.18754817426104
0.0,0.2403278966033584,0.0,0.0,1.032,0.0,1.032,0.17055372672279998
0.9304812074044145,0.0,0.0,0.0,0.7735187925955854,0.0,1.704,0.103689082916041
1.984,0.0,0.0,0.0,0.0,0.0,1.984,0.0
2.472,0.0,0.0,0.0,0.0,0.0,2.472,0.0
2.104,0.0,0.0,0.0,0.0,0.0,2.104,0.0
1.632,0.0,0.0,0.0,0.0,0.0,1.632,0.0
1.496,0.0,0.0,0.0,0.0,0.0,1.496,0.0
1.4480000000000002,0.0,0.0,0.0,0.0,0.0,1.4480000000000002,0.0
1.704,0.0,0.0,0.0,0.0,0.0,1.704,0.0
0.8959999999999999,0.0,0.0,0.0,0.0,0.0,0.8959999999999999,0.0
0.512,0.0,0.0,0.0,0.0,0.0,0.512,0.0
0.512,0.0,0.0,0.0,0.0,0.0,0.512,0.0
0.664,0.0,0.0,0.0,0.0,0.0,0.664,0.0
0.664,0.0,0.0,0.0,0.0,0.0,0.664,0.0
0.616,0.0,0.0,0.0,0.0,0.0,0.616,0.0
0.9359999999999999,0.0,0.0,0.0,0.0,0.0,0.9359999999999999,0.0
0.728,0.0,0.0,0.0,0.0,0.0,0.728,0.0
0.6312571667764494,0.0,0.0,0.0,0.29674283322355055,0.0,0.9279999999999999,0.0397779504950495
0.0,0.23121485873407355,0.0,0.0,0.584,0.0,0.584,0.10927838068164399
0.0,0.363795058940958,0.0,0.0,0.792,0.0,0.792,0.15493266724437102
0.0,0.5865508852044736,0.0,0.0,0.76,0.0,0.76,0.180503211716581
0.0,0.548204962274604,0.0,0.0,0.8079999999999999,0.0,0.8079999999999999,0.181797326878856
0.0,0.08265075935107324,0.0,0.0,1.128,0.0,1.128,0.162285995079052
0.0,0.29958124230834504,0.0,0.0,0.8,0.0,0.8,0.147397285881124
0.1759493340498286,0.0,0.0,0.0,0.6640506659501714,0.0,0.84,0.0890150378003273
0.729243782481548,0.0,0.0,0.0,0.24675621751845203,0.0,0.976,0.0330773164701848
1.48,0.0,0.0,0.0,0.0,0.0,1.48,0.0
3.6719999999999997,0.0,0.0,0.0,0.0,0.0,3.6719999999999997,0.0
2.696,0.0,0.0,0.0,0.0,0.0,2.696,0.0
1.632,0.0,0.0,0.0,0.0,0.0,1.632,0.0
3.208,0.0,0.0,0.0,0.0,0.0,3.208,0.0
2.344,0.0,0.0,0.0,0.0,0.0,2.344,0.0
1.0959999999999999,0.0,0.0,0.0,0.0,0.0,1.0959999999999999,0.0
0.8959999999999999,0.0,0.0,0.0,0.0,0.0,0.8959999999999999,0.0
0.584,0.0,0.0,0.0,0.0,0.0,0.584,0.0
0.48,0.0,0.0,0.0,0.0,0.0,0.48,0.0
0.536,0.0,0.0,0.0,0.0,0.0,0.536,0.0
0.47200000000000003,0.0,0.0,0.0,0.0,0.0,0.47200000000000003,0.0
0.608,0.0,0.0,0.0,0.0,0.0,0.608,0.0
0.696,0.0,0.0,0.0,0.0,0.0,0.696,0.0
0.888,0.0,0.0,0.0,0.0,0.0,0.888,0.0
0.6120685186442791,0.0,0.0,0.0,0.33993148135572093,0.0,0.9520000000000001,0.0455673267326733
0.0,0.11064751110531079,0.0,0.0,0.664,0.0,0.664,0.103840386010761
0.0,0.28228937521603814,0.0,0.0,0.64,0.0,0.64,0.12363156579359001
0.0,0.433799302451108,0.0,0.0,0.496,0.0,0.496,0.124638260750745
1.8581013574912735,0.0,0.0,0.0,1.117898642508727,0.0,2.9760000000000004,0.14985270706334303
0.0,0.3604333288966882,0.0,0.0,0.84,0.0,0.84,0.160916363204927
1.0109421539595285,0.0,0.0,0.0,1.1970578460404717,0.0,2.208,0.16046388457724498
1.3480565691569453,0.0,0.0,0.0,0.7079434308430547,0.0,2.056,0.0948987998781957
1.360067723265654,0.0,0.0,0.0,0.24793227673434606,0.0,1.608,0.0332349655185574
1.6640000000000001,0.0,0.0,0.0,0.0,0.0,1.6640000000000001,0.0
2.952,0.0,0.0,0.0,0.0,0.0,2.952,0.0
2.576,0.0,0.0,0.0,0.0,0.0,2.576,0.0
1.32,0.0,0.0,0.0,0.0,0.0,1.32,0.0
1.496,0.0,0.0,0.0,0.0,0.0,1.496,0.0
1.472,0.0,0.0,0.0,0.0,0.0,1.472,0.0
1.2,0.0,0.0,0.0,0.0,0.0,1.2,0.0
0.76,0.0,0.0,0.0,0.0,0.0,0.76,0.0
0.672,0.0,0.0,0.0,0.0,0.0,0.672,0.0
0.6,0.0,0.0,0.0,0.0,0.0,0.6,0.0
0.56,0.0,0.0,0.0,0.0,0.0,0.56,0.0
0.68,0.0,0.0,0.0,0.0,0.0,0.68,0.0
0.68,0.0,0.0,0.0,0.0,0.0,0.68,0.0
1.264,0.0,0.0,0.0,0.0,0.0,1.264,0.0
0.6559999999999999,0.0,0.0,0.0,0.0,0.0,0.6559999999999999,0.0
0.6036832408636846,0.0,0.0,0.0,0.3323167591363153,0.0,0.9359999999999999,0.0445465841584158
0.0,0.03767267623393156,0.0,0.0,0.9440000000000001,0.0,0.9440000000000001,0.131591811985426
0.6683665682786344,0.0,0.0,0.0,1.5316334317213658,0.0,2.2,0.205313261188948
1.0563669241751048,0.0,0.0,0.0,1.847633075824895,0.0,2.904,0.24767255951826603
0.0,0.77011228275003,0.0,0.0,1.256,0.0,1.256,0.27159744080466697
1.0127306242601932,0.0,0.0,0.0,1.8912693757398067,0.0,2.904,0.25352194283427304
0.7398899668770125,0.0,0.0,0.0,1.4121100331229872,0.0,2.1519999999999997,0.18929132131326898
0.5301615808229335,0.0,0.0,0.0,0.8378384191770666,0.0,1.368,0.11231103645818699
2.025909511631464,0.0,0.0,0.0,0.17409048836853622,0.0,2.2,0.0233365798686896
3.832,0.0,0.0,0.0,0.0,0.0,3.832,0.0
3.9760000000000004,0.0,0.0,0.0,0.0,0.0,3.9760000000000004,0.0
3.2,0.0,0.0,0.0,0.0,0.0,3.2,0.0
1.624,0.0,0.0,0.0,0.0,0.0,1.624,0.0
1.744,0.0,0.0,0.0,0.0,0.0,1.744,0.0
1.68,0.0,0.0,0.0,0.0,0.0,1.68,0.0
1.28,0.0,0.0,0.0,0.0,0.0,1.28,0.0
0.552,0.0,0.0,0.0,0.0,0.0,0.552,0.0
0.584,0.0,0.0,0.0,0.0,0.0,0.584,0.0
0.552,0.0,0.0,0.0,0.0,0.0,0.552,0.0
0.44,0.0,0.0,0.0,0.0,0.0,0.44,0.0
0.52,0.0,0.0,0.0,0.0,0.0,0.52,0.0
0.5920000000000001,0.0,0.0,0.0,0.0,0.0,0.5920000000000001,0.0
1.256,0.0,0.0,0.0,0.0,0.0,1.256,0.0
1.32,0.0,0.0,0.0,0.0,0.0,1.32,0.0
0.47994152788730743,0.0,0.0,0.0,0.2960584721126925,0.0,0.7759999999999999,0.0396862128712871
0.0,0.5996838717130849,0.0,0.0,0.88,0.0,0.88,0.19834949730019302
0.0,1.656988050734702,0.0,0.0,0.816,0.0,0.816,0.331500495524577
0.0,1.8744868840537199,0.0,0.0,1.208,0.0,1.208,0.413202938529459
0.0,1.770357899934995,0.0,0.0,1.232,0.0,1.232,0.402461763321052
0.0,1.5720080923782536,0.0,0.0,0.8320000000000001,0.0,0.8320000000000001,0.322253831202995
0.0,0.9761058134334148,0.0,0.0,0.48,0.0,0.48,0.195188892459868
0.34594770835321265,0.0,0.0,0.0,0.6060522916467874,0.0,0.9520000000000001,0.0812404390449958
1.008,0.0,0.0,0.0,0.0,0.0,1.008,0.0
2.8080000000000003,0.0,0.0,0.0,0.0,0.0,2.8080000000000003,0.0
6.52,0.0,0.0,0.0,0.0,0.0,6.52,0.0
2.44,0.0,0.0,0.0,0.0,0.0,2.44,0.0
3.1439999999999997,0.0,0.0,0.0,0.0,0.0,3.1439999999999997,0.0
2.616,0.0,0.0,0.0,0.0,0.0,2.616,0.0
1.288,0.0,0.0,0.0,0.0,0.0,1.288,0.0
0.648,0.0,0.0,0.0,0.0,0.0,0.648,0.0
0.7040000000000001,0.0,0.0,0.0,0.0,0.0,0.7040000000000001,0.0
0.568,0.0,0.0,0.0,0.0,0.0,0.568,0.0
0.43200000000000005,0.0,0.0,0.0,0.0,0.0,0.43200000000000005,0.0
0.52,0.0,0.0,0.0,0.0,0.0,0.52,0.0
0.424,0.0,0.0,0.0,0.0,0.0,0.424,0.0
0.72,0.0,0.0,0.0,0.0,0.0,0.72,0.0
0.72,0.0,0.0,0.0,0.0,0.0,0.72,0.0
0.72,0.0,0.0,0.0,0.0,0.0,0.72,0.0
0.5493992037549801,0.0,0.0,0.0,0.13860079624501984,0.0,0.688,0.0185792376237624
0.0,0.5764511995645141,0.0,0.0,0.6559999999999999,0.0,0.6559999999999999,0.16520831277131198
0.0,0.8827034816050463,0.0,0.0,1.3119999999999998,0.0,1.3119999999999998,0.29419684881430797
0.0,0.7981075356453768,0.0,0.0,1.984,0.0,1.984,0.372937518398079
0.0,2.2101407761730503,0.0,0.0,0.9359999999999999,0.0,0.9359999999999999,0.4217356513233429
0.0,1.9092082613657018,0.0,0.0,1.0959999999999999,0.0,1.0959999999999999,0.40284385017603
0.0,1.8187726444738688,0.0,0.0,0.8640000000000001,0.0,0.8640000000000001,0.359621818940311
0.0,1.2727804446327335,0.0,0.0,0.792,0.0,0.792,0.27678085235464694
0.6029710691317343,0.0,0.0,0.0,1.0370289308682656,0.0,1.64,0.139012238394771
3.248,0.0,0.0,0.0,0.0,0.0,3.248,0.0
4.224,0.0,0.0,0.0,0.0,0.0,4.224,0.0
3.32,0.0,0.0,0.0,0.0,0.0,3.32,0.0
1.72,0.0,0.0,0.0,0.0,0.0,1.72,0.0
1.432,0.0,0.0,0.0,0.0,0.0,1.432,0.0
1.1520000000000001,0.0,0.0,0.0,0.0,0.0,1.1520000000000001,0.0
0.904,0.0,0.0,0.0,0.0,0.0,0.904,0.0
0.64,0.0,0.0,0.0,0.0,0.0,0.64,0.0
0.752,0.0,0.0,0.0,0.0,0.0,0.752,0.0
0.648,0.0,0.0,0.0,0.0,0.0,0.648,0.0
0.552,0.0,0.0,0.0,0.0,0.0,0.552,0.0
0.672,0.0,0.0,0.0,0.0,0.0,0.672,0.0
0.7040000000000001,0.0,0.0,0.0,0.0,0.0,0.7040000000000001,0.0
0.7040000000000001,0.0,0.0,0.0,0.0,0.0,0.7040000000000001,0.0
0.84,0.0,0.0,0.0,0.0,0.0,0.84,0.0
0.870018870391821,0.0,0.0,0.0,0.05798112960817897,0.0,0.9279999999999999,0.00777228712871287
0.0,0.14192868796183133,0.0,0.0,0.736,0.0,0.736,0.11768507939539999
0.0,0.15881476423267116,0.0,0.0,1.32,0.0,1.32,0.19823299469099698
0.0,1.0424392955130775,0.0,0.0,1.056,0.0,1.056,0.28129277296109995
0.0,1.282343191229538,0.0,0.0,0.84,0.0,0.84,0.284497055841731
0.0,1.7870597665291976,0.0,0.0,0.616,0.0,0.616,0.322126709485287
0.0,1.474702000404474,0.0,0.0,0.7440000000000001,0.0,0.7440000000000001,0.297413815783276
0.0,0.7913364554479076,0.0,0.0,0.968,0.0,0.968,0.235836524403005
0.0,0.18167233613969325,0.0,0.0,0.784,0.0,0.784,0.12944698938176402
1.6640000000000001,0.0,0.0,0.0,0.0,0.0,1.6640000000000001,0.0
3.528,0.0,0.0,0.0,0.0,0.0,3.528,0.0
1.864,0.0,0.0,0.0,0.0,0.0,1.864,0.0
2.76,0.0,0.0,0.0,0.0,0.0,2.76,0.0
2.952,0.0,0.0,0.0,0.0,0.0,2.952,0.0
0.976,0.0,0.0,0.0,0.0,0.0,0.976,0.0
0.584,0.0,0.0,0.0,0.0,0.0,0.584,0.0
0.48,0.0,0.0,0.0,0.0,0.0,0.48,0.0
0.536,0.0,0.0,0.0,0.0,0.0,0.536,0.0
0.47200000000000003,0.0,0.0,0.0,0.0,0.0,0.47200000000000003,0.0
0.648,0.0,0.0,0.0,0.0,0.0,0.648,0.0
0.648,0.0,0.0,0.0,0.0,0.0,0.648,0.0
0.752,0.0,0.0,0.0,0.0,0.0,0.752,0.0
0.848,0.0,0.0,0.0,0.0,0.0,0.848,0.0
0.688,0.0,0.0,0.0,0.0,0.0,0.688,0.0
0.7227130092789732,0.0,0.0,0.0,0.05328699072102676,0.0,0.7759999999999999,0.00714304455445545
1.4433120128983372,0.0,0.0,0.0,0.13268798710166257,0.0,1.5759999999999998,0.0177866340523934
0.7744980286108243,0.0,0.0,0.0,0.2895019713891757,0.0,1.064,0.0388073233683203
0.7254678492240064,0.0,0.0,0.0,0.4185321507759937,0.0,1.1440000000000001,0.0561036335513184
0.41138521287727553,0.0,0.0,0.0,0.46061478712272447,0.0,0.872,0.0617447504979924
0.255700562184253,0.0,0.0,0.0,0.384299437815747,0.0,0.64,0.0515147875574605
0.0,0.8694372041630541,0.0,0.0,0.848,0.0,0.848,0.23021998996042603
0.0,0.6016491929097689,0.0,0.0,0.8,0.0,0.8,0.18788906071065303
0.2444286394340579,0.0,0.0,0.0,0.6355713605659421,0.0,0.88,0.0851974278267316
1.104,0.0,0.0,0.0,0.0,0.0,1.104,0.0
2.984,0.0,0.0,0.0,0.0,0.0,2.984,0.0
1.472,0.0,0.0,0.0,0.0,0.0,1.472,0.0
2.48,0.0,0.0,0.0,0.0,0.0,2.48,0.0
4.08,0.0,0.0,0.0,0.0,0.0,4.08,0.0
1.304,0.0,0.0,0.0,0.0,0.0,1.304,0.0
1.064,0.0,0.0,0.0,0.0,0.0,1.064,0.0
1.1520000000000001,0.0,0.0,0.0,0.0,0.0,1.1520000000000001,0.0
0.7120000000000001,0.0,0.0,0.0,0.0,0.0,0.7120000000000001,0.0
0.512,0.0,0.0,0.0,0.0,0.0,0.512,0.0
0.41600000000000004,0.0,0.0,0.0,0.0,0.0,0.41600000000000004,0.0
0.5760000000000001,0.0,0.0,0.0,0.0,0.0,0.5760000000000001,0.0
0.544,0.0,0.0,0.0,0.0,0.0,0.544,0.0
0.8640000000000001,0.0,0.0,0.0,0.0,0.0,0.8640000000000001,0.0
0.664,0.0,0.0,0.0,0.0,0.0,0.664,0.0
0.686837222287765,0.0,0.0,0.0,0.1771627777122351,0.0,0.8640000000000001,0.0237484158415842
0.2587632923526736,0.0,0.0,0.0,0.5732367076473265,0.0,0.8320000000000001,0.0768415571524942
0.436249724921855,0.0,0.0,0.0,0.6437502750781451,0.0,1.08,0.0862937995673241
0.5017596272818258,0.0,0.0,0.0,0.7462403727181742,0.0,1.248,0.100032449919451
0.0,0.2841667865671502,0.0,0.0,0.688,0.0,0.688,0.130317561131685
0.0,0.1588504256330584,0.0,0.0,0.624,0.0,0.624,0.104939974918959
0.0,1.1621388418414496,0.0,0.0,0.888,0.0,0.888,0.274818166534494
0.0,0.4703034729377831,0.0,0.0,1.0959999999999999,0.0,1.0959999999999999,0.209960730407283
0.9992139070382585,0.0,0.0,0.0,0.32878609296174155,0.0,1.328,0.0440733034298432
2.64,0.0,0.0,0.0,0.0,0.0,2.64,0.0
1.9280000000000002,0.0,0.0,0.0,0.0,0.0,1.9280000000000002,0.0
1.5519999999999998,0.0,0.0,0.0,0.0,0.0,1.5519999999999998,0.0
1.736,0.0,0.0,0.0,0.0,0.0,1.736,0.0
1.48,0.0,0.0,0.0,0.0,0.0,1.48,0.0
1.4880000000000002,0.0,0.0,0.0,0.0,0.0,1.4880000000000002,0.0
1.568,0.0,0.0,0.0,0.0,0.0,1.568,0.0
1.392,0.0,0.0,0.0,0.0,0.0,1.392,0.0
0.768,0.0,0.0,0.0,0.0,0.0,0.768,0.0
0.456,0.0,0.0,0.0,0.0,0.0,0.456,0.0
0.46399999999999997,0.0,0.0,0.0,0.0,0.0,0.46399999999999997,0.0
0.528,0.0,0.0,0.0,0.0,0.0,0.528,0.0
0.752,0.0,0.0,0.0,0.0,0.0,0.752,0.0
1.136,0.0,0.0,0.0,0.0,0.0,1.136,0.0
0.7440000000000001,0.0,0.0,0.0,0.0,0.0,0.7440000000000001,0.0
0.6541621019561199,0.0,0.0,0.0,0.28183789804388,0.0,0.9359999999999999,0.0377799653465347
0.0,0.7655905597364153,0.0,0.0,0.888,0.0,0.888,0.221661438996654
0.0,1.9305161557307489,0.0,0.0,0.688,0.0,0.688,0.3510083289346939
0.0,0.2219571619961076,0.0,0.0,1.8880000000000001,0.0,1.8880000000000001,0.282836726416668
0.0,0.8316049512072716,0.0,0.0,1.056,0.0,1.056,0.253030731989972
0.0,0.3897647732252687,0.0,0.0,1.264,0.0,1.264,0.221684792064561
0.0,0.7856313373795434,0.0,0.0,0.688,0.0,0.688,0.197538163767808
0.24806032970433478,0.0,0.0,0.0,0.8799396702956651,0.0,1.128,0.11795464868828802
0.7764717580734813,0.0,0.0,0.0,0.10352824192651869,0.0,0.88,0.0138778121023404
1.864,0.0,0.0,0.0,0.0,0.0,1.864,0.0
2.8080000000000003,0.0,0.0,0.0,0.0,0.0,2.8080000000000003,0.0
2.176,0.0,0.0,0.0,0.0,0.0,2.176,0.0
1.824,0.0,0.0,0.0,0.0,0.0,1.824,0.0
1.5519999999999998,0.0,0.0,0.0,0.0,0.0,1.5519999999999998,0.0
1.016,0.0,0.0,0.0,0.0,0.0,1.016,0.0
0.536,0.0,0.0,0.0,0.0,0.0,0.536,0.0
0.5760000000000001,0.0,0.0,0.0,0.0,0.0,0.5760000000000001,0.0
0.504,0.0,0.0,0.0,0.0,0.0,0.504,0.0
0.52,0.0,0.0,0.0,0.0,0.0,0.52,0.0
0.624,0.0,0.0,0.0,0.0,0.0,0.624,0.0
0.624,0.0,0.0,0.0,0.0,0.0,0.624,0.0
0.624,0.0,0.0,0.0,0.0,0.0,0.624,0.0
0.608,0.0,0.0,0.0,0.0,0.0,0.608,0.0
0.624,0.0,0.0,0.0,0.0,0.0,0.624,0.0
0.7828250463204083,0.0,0.0,0.0,0.06517495367959164,0.0,0.848,0.00873660891089109
1.5111094534452088,0.0,0.0,0.0,0.4248905465547913,0.0,1.936,0.0569559673710417
1.5998827201659522,0.0,0.0,0.0,1.1601172798340476,0.0,2.76,0.155512054745819
2.4131178611228554,0.0,0.0,0.0,1.5148821388771445,0.0,3.928,0.20306777444796398
0.0,0.27909088084248146,0.0,0.0,1.536,0.0,1.536,0.243310325030751
0.0,0.05977749495291396,0.0,0.0,1.6159999999999999,0.0,1.6159999999999999,0.224635565788838
1.4850459647150622,0.0,0.0,0.0,1.4749540352849377,0.0,2.96,0.19771546952184804
1.7218595534343382,0.0,0.0,0.0,0.6541404465656616,0.0,2.376,0.0876865871287819
2.99451279961416,0.0,0.0,0.0,0.1654872003858401,0.0,3.16,0.0221833214740293
3.928,0.0,0.0,0.0,0.0,0.0,3.928,0.0
1.88,0.0,0.0,0.0,0.0,0.0,1.88,0.0
2.656,0.0,0.0,0.0,0.0,0.0,2.656,0.0
1.824,0.0,0.0,0.0,0.0,0.0,1.824,0.0
1.8319999999999999,0.0,0.0,0.0,0.0,0.0,1.8319999999999999,0.0
1.296,0.0,0.0,0.0,0.0,0.0,1.296,0.0
0.816,0.0,0.0,0.0,0.0,0.0,0.816,0.0
0.568,0.0,0.0,0.0,0.0,0.0,0.568,0.0
0.496,0.0,0.0,0.0,0.0,0.0,0.496,0.0
0.608,0.0,0.0,0.0,0.0,0.0,0.608,0.0
0.5760000000000001,0.0,0.0,0.0,0.0,0.0,0.5760000000000001,0.0
0.6,0.0,0.0,0.0,0.0,0.0,0.6,0.0
0.784,0.0,0.0,0.0,0.0,0.0,0.784,0.0
0.9840000000000001,0.0,0.0,0.0,0.0,0.0,0.9840000000000001,0.0
0.72,0.0,0.0,0.0,0.0,0.0,0.72,0.0
0.4439050185377916,0.0,0.0,0.0,0.05209498146220843,0.0,0.496,0.00698325742574257
0.40421984549894174,0.0,0.0,0.0,0.1877801545010583,0.0,0.5920000000000001,0.0251716599472807
0.23753210374049077,0.0,0.0,0.0,0.3544678962595093,0.0,0.5920000000000001,0.0475159122676196
0.3519697261266172,0.0,0.0,0.0,0.48803027387338277,0.0,0.84,0.0654197571120319
0.22741874796322759,0.0,0.0,0.0,0.5085812520367724,0.0,0.736,0.0681745862114505
0.0020402845037134076,0.0,0.0,0.0,0.5499597154962866,0.0,0.552,0.0737213097942027
0.15108230503625064,0.0,0.0,0.0,0.3769176949637494,0.0,0.528,0.0505252755327076
0.7459830280173299,0.0,0.0,0.0,0.16601697198267018,0.0,0.912,0.0222543365955184
1.3390505606949337,0.0,0.0,0.0,0.020949439305066354,0.0,1.36,0.00280824224303402
2.208,0.0,0.0,0.0,0.0,0.0,2.208,0.0
4.176,0.0,0.0,0.0,0.0,0.0,4.176,0.0
2.128,0.0,0.0,0.0,0.0,0.0,2.128,0.0
2.336,0.0,0.0,0.0,0.0,0.0,2.336,0.0
1.944,0.0,0.0,0.0,0.0,0.0,1.944,0.0
1.232,0.0,0.0,0.0,0.0,0.0,1.232,0.0
0.76,0.0,0.0,0.0,0.0,0.0,0.76,0.0
0.6,0.0,0.0,0.0,0.0,0.0,0.6,0.0
0.48,0.0,0.0,0.0,0.0,0.0,0.48,0.0
0.56,0.0,0.0,0.0,0.0,0.0,0.56,0.0
0.672,0.0,0.0,0.0,0.0,0.0,0.672,0.0
0.616,0.0,0.0,0.0,0.0,0.0,0.616,0.0
0.648,0.0,0.0,0.0,0.0,0.0,0.648,0.0
1.2,0.0,0.0,0.0,0.0,0.0,1.2,0.0
0.8240000000000001,0.0,0.0,0.0,0.0,0.0,0.8240000000000001,0.0
0.7697882314956181,0.0,0.0,0.0,0.038211768504381745,0.0,0.8079999999999999,0.00512223267326733
0.5832682817330175,0.0,0.0,0.0,0.14473171826698253,0.0,0.728,0.0194010789131691
0.2345126044646359,0.0,0.0,0.0,0.2934873955353641,0.0,0.528,0.0393415637496859
0.5010241423825057,0.0,0.0,0.0,0.37897585761749425,0.0,0.88,0.0508011692797008
0.2348387937769938,0.0,0.0,0.0,0.42916120622300624,0.0,0.664,0.0575284431643677
0.17793917840009993,0.0,0.0,0.0,0.41406082159990015,0.0,0.5920000000000001,0.0555042582987416
0.1685028670785106,0.0,0.0,0.0,0.3434971329214894,0.0,0.512,0.0460452972026758
0.7310511550323813,0.0,0.0,0.0,0.1729488449676187,0.0,0.904,0.0231835442108731
1.076115564623387,0.0,0.0,0.0,0.027884435376612948,0.0,1.104,0.00373786850366059
2.92,0.0,0.0,0.0,0.0,0.0,2.92,0.0
5.176,0.0,0.0,0.0,0.0,0.0,5.176,0.0
2.112,0.0,0.0,0.0,0.0,0.0,2.112,0.0
2.784,0.0,0.0,0.0,0.0,0.0,2.784,0.0
2.872,0.0,0.0,0.0,0.0,0.0,2.872,0.0
1.232,0.0,0.0,0.0,0.0,0.0,1.232,0.0
0.872,0.0,0.0,0.0,0.0,0.0,0.872,0.0
0.496,0.0,0.0,0.0,0.0,0.0,0.496,0.0
0.56,0.0,0.0,0.0,0.0,0.0,0.56,0.0
0.5920000000000001,0.0,0.0,0.0,0.0,0.0,0.5920000000000001,0.0
0.488,0.0,0.0,0.0,0.0,0.0,0.488,0.0
0.536,0.0,0.0,0.0,0.0,0.0,0.536,0.0
0.528,0.0,0.0,0.0,0.0,0.0,0.528,0.0
0.88,0.0,0.0,0.0,0.0,0.0,0.88,0.0
0.8079999999999999,0.0,0.0,0.0,0.0,0.0,0.8079999999999999,0.0
0.6690330834173017,0.0,0.0,0.0,0.2269669165826982,0.0,0.8959999999999999,0.0304245891089109
0.13745962982442816,0.0,0.0,0.0,0.5265403701755719,0.0,0.664,0.0705819801980198
1.1892537626937243,0.0,0.0,0.0,0.7227462373062756,0.0,1.912,0.0968830948189878
0.0,0.013473907702001853,0.0,0.0,0.8320000000000001,0.0,0.8320000000000001,0.11333456272586802
0.14105277444786912,0.0,0.0,0.0,0.978947225552131,0.0,1.12,0.131226469236893
0.0,0.15860182817688984,0.0,0.0,0.7759999999999999,0.0,0.7759999999999999,0.12528203242501298
0.16220420086862963,0.0,0.0,0.0,0.6217957991313704,0.0,0.784,0.0833508336062973
0.441365656401129,0.0,0.0,0.0,0.28663434359887097,0.0,0.728,0.0384229219826429
1.4480000000000002,0.0,0.0,0.0,0.0,0.0,1.4480000000000002,0.0
3.8480000000000003,0.0,0.0,0.0,0.0,0.0,3.8480000000000003,0.0
3.3760000000000003,0.0,0.0,0.0,0.0,0.0,3.3760000000000003,0.0
1.9280000000000002,0.0,0.0,0.0,0.0,0.0,1.9280000000000002,0.0
2.552,0.0,0.0,0.0,0.0,0.0,2.552,0.0
2.528,0.0,0.0,0.0,0.0,0.0,2.528,0.0
1.088,0.0,0.0,0.0,0.0,0.0,1.088,0.0
0.6559999999999999,0.0,0.0,0.0,0.0,0.0,0.6559999999999999,0.0
0.816,0.0,0.0,0.0,0.0,0.0,0.816,0.0
0.784,0.0,0.0,0.0,0.0,0.0,0.784,0.0
0.632,0.0,0.0,0.0,0.0,0.0,0.632,0.0
0.504,0.0,0.0,0.0,0.0,0.0,0.504,0.0
0.36,0.0,0.0,0.0,0.0,0.0,0.36,0.0
0.52,0.0,0.0,0.0,0.0,0.0,0.52,0.0
0.872,0.0,0.0,0.0,0.0,0.0,0.872,0.0
0.752,0.0,0.0,0.0,0.0,0.0,0.752,0.0
0.7017547315444655,0.0,0.0,0.0,0.17024526845553445,0.0,0.872,0.0228211336633663
0.21975674934052425,0.0,0.0,0.0,0.5242432506594759,0.0,0.7440000000000001,0.0702740546269121
0.03433196697480623,0.0,0.0,0.0,0.9976680330251938,0.0,1.032,0.133735966584483
0.0,0.21632452838265204,0.0,0.0,1.064,0.0,1.064,0.171625663724912
0.0,0.5801360184969515,0.0,0.0,0.752,0.0,0.752,0.17857091954272897
0.0,0.0028464603689140056,0.0,0.0,1.024,0.0,1.024,0.137647292852395
0.0,0.34715155339895076,0.0,0.0,0.512,0.0,0.512,0.11516803148233899
0.6380580223005896,0.0,0.0,0.0,0.41794197769941044,0.0,1.056,0.0560245216982407
1.0463491443275816,0.0,0.0,0.0,0.10565085567241846,0.0,1.1520000000000001,0.014162345425646998
1.264,0.0,0.0,0.0,0.0,0.0,1.264,0.0
3.04,0.0,0.0,0.0,0.0,0.0,3.04,0.0
2.008,0.0,0.0,0.0,0.0,0.0,2.008,0.0
2.08,0.0,0.0,0.0,0.0,0.0,2.08,0.0
2.184,0.0,0.0,0.0,0.0,0.0,2.184,0.0
0.968,0.0,0.0,0.0,0.0,0.0,0.968,0.0
0.7040000000000001,0.0,0.0,0.0,0.0,0.0,0.7040000000000001,0.0
0.64,0.0,0.0,0.0,0.0,0.0,0.64,0.0
0.456,0.0,0.0,0.0,0.0,0.0,0.456,0.0
0.44,0.0,0.0,0.0,0.0,0.0,0.44,0.0
0.512,0.0,0.0,0.0,0.0,0.0,0.512,0.0
0.608,0.0,0.0,0.0,0.0,0.0,0.608,0.0
0.688,0.0,0.0,0.0,0.0,0.0,0.688,0.0
0.976,0.0,0.0,0.0,0.0,0.0,0.976,0.0
0.8,0.0,0.0,0.0,0.0,0.0,0.8,0.0
0.7151019685292097,0.0,0.0,0.0,0.028898031470790418,0.0,0.7440000000000001,0.0038737396039604
1.0798285442941098,0.0,0.0,0.0,0.22417145570589037,0.0,1.304,0.0300498615943133
0.37860731857602115,0.0,0.0,0.0,0.5013926814239789,0.0,0.88,0.0672109686478531
0.6858879988238884,0.0,0.0,0.0,0.7301120011761115,0.0,1.416,0.0978704648841372
0.12215253865401365,0.0,0.0,0.0,0.7978474613459864,0.0,0.92,0.106950306011646
0.0,0.05308722359023865,0.0,0.0,0.7440000000000001,0.0,0.7440000000000001,0.10684839723263999
0.0,0.23671115581985147,0.0,0.0,0.44799999999999995,0.0,0.44799999999999995,0.0917845467866504
0.6794746159437035,0.0,0.0,0.0,0.43252538405629665,0.0,1.112,0.0579794063699672
0.9083661854728224,0.0,0.0,0.0,0.1396338145271776,0.0,1.048,0.0187177122404592
1.248,0.0,0.0,0.0,0.0,0.0,1.248,0.0
2.608,0.0,0.0,0.0,0.0,0.0,2.608,0.0
1.568,0.0,0.0,0.0,0.0,0.0,1.568,0.0
2.472,0.0,0.0,0.0,0.0,0.0,2.472,0.0
2.52,0.0,0.0,0.0,0.0,0.0,2.52,0.0
1.4080000000000001,0.0,0.0,0.0,0.0,0.0,1.4080000000000001,0.0
1.256,0.0,0.0,0.0,0.0,0.0,1.256,0.0
0.92,0.0,0.0,0.0,0.0,0.0,0.92,0.0
0.768,0.0,0.0,0.0,0.0,0.0,0.768,0.0
0.552,0.0,0.0,0.0,0.0,0.0,0.552,0.0
0.696,0.0,0.0,0.0,0.0,0.0,0.696,0.0
0.792,0.0,0.0,0.0,0.0,0.0,0.792,0.0
0.544,0.0,0.0,0.0,0.0,0.0,0.544,0.0
0.616,0.0,0.0,0.0,0.0,0.0,0.616,0.0
0.584,0.0,0.0,0.0,0.0,0.0,0.584,0.0
0.6607730740871065,0.0,0.0,0.0,0.03522692591289341,0.0,0.696,0.00472211881188119
0.0,0.1397540794359543,0.0,0.0,0.5760000000000001,0.0,0.5760000000000001,0.0959458061013537
0.0,0.5873613119939497,0.0,0.0,0.7759999999999999,0.0,0.7759999999999999,0.182756625277975
0.6521309040069896,0.0,0.0,0.0,1.93186909599301,0.0,2.5839999999999996,0.258964277008956
0.0,0.646158860080414,0.0,0.0,1.5119999999999998,0.0,1.5119999999999998,0.289298094798665
0.0,1.1368990197532975,0.0,0.0,0.8320000000000001,0.0,0.8320000000000001,0.26392808509210697
0.0,1.259030332707814,0.0,0.0,1.128,0.0,1.128,0.319977986909297
0.0,0.6289100798418854,0.0,0.0,0.792,0.0,0.792,0.19047095493385502
0.5828377026295857,0.0,0.0,0.0,0.2251622973704143,0.0,0.8079999999999999,0.0301826824960069
2.1919999999999997,0.0,0.0,0.0,0.0,0.0,2.1919999999999997,0.0
3.656,0.0,0.0,0.0,0.0,0.0,3.656,0.0
5.343999999999999,0.0,0.0,0.0,0.0,0.0,5.343999999999999,0.0
2.208,0.0,0.0,0.0,0.0,0.0,2.208,0.0
1.8880000000000001,0.0,0.0,0.0,0.0,0.0,1.8880000000000001,0.0
2.296,0.0,0.0,0.0,0.0,0.0,2.296,0.0
1.32,0.0,0.0,0.0,0.0,0.0,1.32,0.0
0.696,0.0,0.0,0.0,0.0,0.0,0.696,0.0
0.5920000000000001,0.0,0.0,0.0,0.0,0.0,0.5920000000000001,0.0
0.512,0.0,0.0,0.0,0.0,0.0,0.512,0.0
0.696,0.0,0.0,0.0,0.0,0.0,0.696,0.0
1.232,0.0,0.0,0.0,0.0,0.0,1.232,0.0
0.816,0.0,0.0,0.0,0.0,0.0,0.816,0.0
0.688,0.0,0.0,0.0,0.0,0.0,0.688,0.0
0.728,0.0,0.0,0.0,0.0,0.0,0.728,0.0
0.6246262871078375,0.0,0.0,0.0,0.1913737128921624,0.0,0.816,0.0256533712871287
0.0,0.06891344648637365,0.0,0.0,1.208,0.0,1.208,0.171168413097051
0.0,0.4207991193527798,0.0,0.0,1.936,0.0,1.936,0.315925536188993
0.0,1.174120181720155,0.0,0.0,1.9040000000000001,0.0,1.9040000000000001,0.41261758835481704
0.0,2.0189254862588744,0.0,0.0,1.288,0.0,1.288,0.44328861072821796
0.0,1.8741069252679885,0.0,0.0,1.328,0.0,1.328,0.429237833208962
0.0,1.6638648292400853,0.0,0.0,1.056,0.0,1.056,0.36459397302186297
0.0,0.6918589012882363,0.0,0.0,1.2,0.0,1.2,0.253600967887132
1.1966599777900484,0.0,0.0,0.0,0.8193400222099517,0.0,2.016,0.109831352919406
3.0,0.0,0.0,0.0,0.0,0.0,3.0,0.0
2.208,0.0,0.0,0.0,0.0,0.0,2.208,0.0
1.432,0.0,0.0,0.0,0.0,0.0,1.432,0.0
1.656,0.0,0.0,0.0,0.0,0.0,1.656,0.0
1.4080000000000001,0.0,0.0,0.0,0.0,0.0,1.4080000000000001,0.0
1.52,0.0,0.0,0.0,0.0,0.0,1.52,0.0
1.16,0.0,0.0,0.0,0.0,0.0,1.16,0.0
0.872,0.0,0.0,0.0,0.0,0.0,0.872,0.0
0.752,0.0,0.0,0.0,0.0,0.0,0.752,0.0
0.728,0.0,0.0,0.0,0.0,0.0,0.728,0.0
0.7440000000000001,0.0,0.0,0.0,0.0,0.0,0.7440000000000001,0.0
0.488,0.0,0.0,0.0,0.0,0.0,0.488,0.0
0.784,0.0,0.0,0.0,0.0,0.0,0.784,0.0
1.272,0.0,0.0,0.0,0.0,0.0,1.272,0.0
0.728,0.0,0.0,0.0,0.0,0.0,0.728,0.0
0.4181102407813958,0.0,0.0,0.0,0.10988975921860421,0.0,0.528,0.0147305643564356
0.0,0.3089189334078519,0.0,0.0,0.568,0.0,0.568,0.117549723248045
0.0,1.0299110193698349,0.0,0.0,0.616,0.0,0.616,0.220632007642885
0.0,1.473403676947376,0.0,0.0,0.736,0.0,0.736,0.296167388881755
0.0,1.8494607483109238,0.0,0.0,0.736,0.0,0.736,0.34657729905722107
0.0,1.7362865961440561,0.0,0.0,0.648,0.0,0.648,0.319610192964557
0.0,1.5041753846274193,0.0,0.0,0.608,0.0,0.608,0.28313407597371304
0.12642009247708974,0.0,0.0,0.0,1.3215799075229104,0.0,1.4480000000000002,0.17715588803149
1.7401579521689432,0.0,0.0,0.0,0.4758420478310566,0.0,2.2159999999999997,0.0637859429205738
4.368,0.0,0.0,0.0,0.0,0.0,4.368,0.0
4.408,0.0,0.0,0.0,0.0,0.0,4.408,0.0
1.608,0.0,0.0,0.0,0.0,0.0,1.608,0.0
2.512,0.0,0.0,0.0,0.0,0.0,2.512,0.0
2.272,0.0,0.0,0.0,0.0,0.0,2.272,0.0
1.328,0.0,0.0,0.0,0.0,0.0,1.328,0.0
0.904,0.0,0.0,0.0,0.0,0.0,0.904,0.0
0.8320000000000001,0.0,0.0,0.0,0.0,0.0,0.8320000000000001,0.0
0.552,0.0,0.0,0.0,0.0,0.0,0.552,0.0
0.496,0.0,0.0,0.0,0.0,0.0,0.496,0.0
0.424,0.0,0.0,0.0,0.0,0.0,0.424,0.0
0.488,0.0,0.0,0.0,0.0,0.0,0.488,0.0
0.76,0.0,0.0,0.0,0.0,0.0,0.76,0.0
1.1520000000000001,0.0,0.0,0.0,0.0,0.0,1.1520000000000001,0.0
0.632,0.0,0.0,0.0,0.0,0.0,0.632,0.0
0.42502469451509717,0.0,0.0,0.0,0.19097530548490282,0.0,0.616,0.0255999653465347
0.0,0.6728184892689099,0.0,0.0,0.664,0.0,0.664,0.17919859802290697
0.0,1.5199967220961228,0.0,0.0,0.9359999999999999,0.0,0.9359999999999999,0.329222832330193
0.0,2.2161199828092992,0.0,0.0,0.904,0.0,0.904,0.418247601354212
0.0,2.608943685600086,0.0,0.0,0.8,0.0,0.8,0.45696400379131397
0.0,2.444093463773716,0.0,0.0,0.8,0.0,0.8,0.434866068378103
0.0,2.1199541512074878,0.0,0.0,0.6,0.0,0.6,0.364605946503274
0.0,1.2296731081216472,0.0,0.0,0.584,0.0,0.584,0.243120274634285
1.1309994993888057,0.0,0.0,0.0,0.7410005006111942,0.0,1.8719999999999999,0.09933005259107199
3.592,0.0,0.0,0.0,0.0,0.0,3.592,0.0
4.263999999999999,0.0,0.0,0.0,0.0,0.0,4.263999999999999,0.0
1.472,0.0,0.0,0.0,0.0,0.0,1.472,0.0
1.712,0.0,0.0,0.0,0.0,0.0,1.712,0.0
1.624,0.0,0.0,0.0,0.0,0.0,1.624,0.0
0.88,0.0,0.0,0.0,0.0,0.0,0.88,0.0
0.424,0.0,0.0,0.0,0.0,0.0,0.424,0.0
0.512,0.0,0.0,0.0,0.0,0.0,0.512,0.0
0.56,0.0,0.0,0.0,0.0,0.0,0.56,0.0
0.552,0.0,0.0,0.0,0.0,0.0,0.552,0.0
0.456,0.0,0.0,0.0,0.0,0.0,0.456,0.0
0.368,0.0,0.0,0.0,0.0,0.0,0.368,0.0
0.728,0.0,0.0,0.0,0.0,0.0,0.728,0.0
1.176,0.0,0.0,0.0,0.0,0.0,1.176,0.0
0.9520000000000001,0.0,0.0,0.0,0.0,0.0,0.9520000000000001,0.0
0.4790907685869272,0.0,0.0,0.0,0.18490923141307286,0.0,0.664,0.0247868168316832
0.0,0.26334326817304465,0.0,0.0,0.46399999999999997,0.0,0.46399999999999997,0.0974993202026175
0.0,0.7556868642934784,0.0,0.0,0.5760000000000001,0.0,0.5760000000000001,0.17851071106700503
0.0,0.7080654124047393,0.0,0.0,0.9840000000000001,0.0,0.9840000000000001,0.226818937724153
0.0,1.1564072396104796,0.0,0.0,0.7120000000000001,0.0,0.7120000000000001,0.250457306329713
0.0,1.11169263929945,0.0,0.0,0.68,0.0,0.68,0.240173824365649
0.0,0.5848274915251138,0.0,0.0,0.84,0.0,0.84,0.190996078342267
0.008829615294848048,0.0,0.0,0.0,0.8311703847051519,0.0,0.84,0.11141719601647601
0.93791771335144,0.0,0.0,0.0,0.12608228664856003,0.0,1.064,0.0169011493963556
2.784,0.0,0.0,0.0,0.0,0.0,2.784,0.0
4.24,0.0,0.0,0.0,0.0,0.0,4.24,0.0
2.5839999999999996,0.0,0.0,0.0,0.0,0.0,2.5839999999999996,0.0
3.216,0.0,0.0,0.0,0.0,0.0,3.216,0.0
2.312,0.0,0.0,0.0,0.0,0.0,2.312,0.0
1.44,0.0,0.0,0.0,0.0,0.0,1.44,0.0
0.664,0.0,0.0,0.0,0.0,0.0,0.664,0.0
0.46399999999999997,0.0,0.0,0.0,0.0,0.0,0.46399999999999997,0.0
0.504,0.0,0.0,0.0,0.0,0.0,0.504,0.0
0.632,0.0,0.0,0.0,0.0,0.0,0.632,0.0
0.496,0.0,0.0,0.0,0.0,0.0,0.496,0.0
0.44,0.0,0.0,0.0,0.0,0.0,0.44,0.0
0.6559999999999999,0.0,0.0,0.0,0.0,0.0,0.6559999999999999,0.0
0.632,0.0,0.0,0.0,0.0,0.0,0.632,0.0
0.768,0.0,0.0,0.0,0.0,0.0,0.768,0.0
0.5886859259774666,0.0,0.0,0.0,0.13931407402253343,0.0,0.728,0.0186748514851485
0.0,0.3204904722142845,0.0,0.0,0.728,0.0,0.728,0.14054864154663899
0.0,0.9111865316881715,0.0,0.0,1.3119999999999998,0.0,1.3119999999999998,0.29801496075941103
0.0,1.4119123895719783,0.0,0.0,0.9359999999999999,0.0,0.9359999999999999,0.31473428282848703
0.0,1.5980857406528135,0.0,0.0,0.912,0.0,0.912,0.33647338756383194
0.0,2.0502542036329876,0.0,0.0,0.648,0.0,0.648,0.36169709970489705
0.0,0.8129524710448923,0.0,0.0,1.328,0.0,1.328,0.28699160306702504
0.0,0.4719927475636507,0.0,0.0,0.9359999999999999,0.0,0.9359999999999999,0.188739405098902
0.9820804656316601,0.0,0.0,0.0,0.6099195343683398,0.0,1.5919999999999999,0.0817588373761675
1.952,0.0,0.0,0.0,0.0,0.0,1.952,0.0
1.864,0.0,0.0,0.0,0.0,0.0,1.864,0.0
2.48,0.0,0.0,0.0,0.0,0.0,2.48,0.0
1.544,0.0,0.0,0.0,0.0,0.0,1.544,0.0
1.392,0.0,0.0,0.0,0.0,0.0,1.392,0.0
1.04,0.0,0.0,0.0,0.0,0.0,1.04,0.0
0.648,0.0,0.0,0.0,0.0,0.0,0.648,0.0
0.47200000000000003,0.0,0.0,0.0,0.0,0.0,0.47200000000000003,0.0
0.456,0.0,0.0,0.0,0.0,0.0,0.456,0.0
0.5920000000000001,0.0,0.0,0.0,0.0,0.0,0.5920000000000001,0.0
0.56,0.0,0.0,0.0,0.0,0.0,0.56,0.0
0.41600000000000004,0.0,0.0,0.0,0.0,0.0,0.41600000000000004,0.0
0.72,0.0,0.0,0.0,0.0,0.0,0.72,0.0
0.5760000000000001,0.0,0.0,0.0,0.0,0.0,0.5760000000000001,0.0
0.728,0.0,0.0,0.0,0.0,0.0,0.728,0.0
0.6570253703995874,0.0,0.0,0.0,0.07897462960041256,0.0,0.736,0.0105864356435644
0.0,0.08634183725141054,0.0,0.0,0.768,0.0,0.768,0.114523295942364
0.0,0.160910618209942,0.0,0.0,1.44,0.0,1.44,0.21459976851464604
0.0,1.342277679464873,0.0,0.0,0.9359999999999999,0.0,0.9359999999999999,0.305399849975341
0.0,1.4891950226230337,0.0,0.0,1.088,0.0,1.088,0.34546929040324004
0.0,1.9232909281496122,0.0,0.0,0.72,0.0,0.72,0.35432935158618706
0.0,1.4436234990118357,0.0,0.0,0.728,0.0,0.728,0.29110301030422103
0.0,0.7506996609022021,0.0,0.0,0.752,0.0,0.752,0.20143473077668103
0.6273411802874242,0.0,0.0,0.0,0.6606588197125758,0.0,1.288,0.0885603656848789
5.016,0.0,0.0,0.0,0.0,0.0,5.016,0.0
3.2,0.0,0.0,0.0,0.0,0.0,3.2,0.0
3.88,0.0,0.0,0.0,0.0,0.0,3.88,0.0
2.208,0.0,0.0,0.0,0.0,0.0,2.208,0.0
1.6,0.0,0.0,0.0,0.0,0.0,1.6,0.0
1.232,0.0,0.0,0.0,0.0,0.0,1.232,0.0
0.8079999999999999,0.0,0.0,0.0,0.0,0.0,0.8079999999999999,0.0
0.784,0.0,0.0,0.0,0.0,0.0,0.784,0.0
0.728,0.0,0.0,0.0,0.0,0.0,0.728,0.0
0.552,0.0,0.0,0.0,0.0,0.0,0.552,0.0
0.632,0.0,0.0,0.0,0.0,0.0,0.632,0.0
0.456,0.0,0.0,0.0,0.0,0.0,0.456,0.0
0.672,0.0,0.0,0.0,0.0,0.0,0.672,0.0
1.104,0.0,0.0,0.0,0.0,0.0,1.104,0.0
0.688,0.0,0.0,0.0,0.0,0.0,0.688,0.0
0.5904214815264603,0.0,0.0,0.0,0.12157851847353976,0.0,0.7120000000000001,0.0162974257425743
0.27441287724790786,0.0,0.0,0.0,0.5895871227520922,0.0,0.8640000000000001,0.0790333068084022
0.24301293515674738,0.0,0.0,0.0,0.7649870648432526,0.0,1.008,0.10254541706745801
0.0,0.06226930216836213,0.0,0.0,0.92,0.0,0.92,0.131671788834828
0.8251127586976241,0.0,0.0,0.0,1.286887241302376,0.0,2.112,0.17250538596385598
0.0,0.3648577690664163,0.0,0.0,0.8240000000000001,0.0,0.8240000000000001,0.159364676039043
0.0,0.0643164041543699,0.0,0.0,0.872,0.0,0.872,0.12551186887164698
0.4530162987932628,0.0,0.0,0.0,0.5149837012067372,0.0,0.968,0.06903282532497299
1.3096310991695235,0.0,0.0,0.0,0.010368900830476558,0.0,1.32,0.00138993626043886
1.8719999999999999,0.0,0.0,0.0,0.0,0.0,1.8719999999999999,0.0
3.2,0.0,0.0,0.0,0.0,0.0,3.2,0.0
2.3040000000000003,0.0,0.0,0.0,0.0,0.0,2.3040000000000003,0.0
1.704,0.0,0.0,0.0,0.0,0.0,1.704,0.0
1.416,0.0,0.0,0.0,0.0,0.0,1.416,0.0
1.608,0.0,0.0,0.0,0.0,0.0,1.608,0.0
1.328,0.0,0.0,0.0,0.0,0.0,1.328,0.0
0.68,0.0,0.0,0.0,0.0,0.0,0.68,0.0
0.544,0.0,0.0,0.0,0.0,0.0,0.544,0.0
0.504,0.0,0.0,0.0,0.0,0.0,0.504,0.0
0.488,0.0,0.0,0.0,0.0,0.0,0.488,0.0
0.616,0.0,0.0,0.0,0.0,0.0,0.616,0.0
0.536,0.0,0.0,0.0,0.0,0.0,0.536,0.0
0.68,0.0,0.0,0.0,0.0,0.0,0.68,0.0
0.768,0.0,0.0,0.0,0.0,0.0,0.768,0.0
0.8612611666824783,0.0,0.0,0.0,0.04273883331752169,0.0,0.904,0.00572907920792079
0.5484376727169294,0.0,0.0,0.0,0.5555623272830706,0.0,1.104,0.0744723318555503
1.8592206036703804,0.0,0.0,0.0,1.03677939632962,0.0,2.8960000000000004,0.138978788648345
2.8817628054012756,0.0,0.0,0.0,1.2462371945987243,0.0,4.128,0.167056305600789
1.7893799405045112,0.0,0.0,0.0,1.5706200594954887,0.0,3.36,0.210539362634167
0.0,0.2271961163491707,0.0,0.0,1.176,0.0,1.176,0.188096423575406
0.24488680267120966,0.0,0.0,0.0,1.0351131973287904,0.0,1.28,0.13875543706593302
1.853871501712709,0.0,0.0,0.0,0.6021284982872909,0.0,2.456,0.0807144601820479
1.9394978365395426,0.0,0.0,0.0,0.06050216346045754,0.0,2.0,0.008110228094912159
1.8,0.0,0.0,0.0,0.0,0.0,1.8,0.0
3.1919999999999997,0.0,0.0,0.0,0.0,0.0,3.1919999999999997,0.0
2.84,0.0,0.0,0.0,0.0,0.0,2.84,0.0
3.136,0.0,0.0,0.0,0.0,0.0,3.136,0.0
2.384,0.0,0.0,0.0,0.0,0.0,2.384,0.0
1.296,0.0,0.0,0.0,0.0,0.0,1.296,0.0
0.888,0.0,0.0,0.0,0.0,0.0,0.888,0.0
0.608,0.0,0.0,0.0,0.0,0.0,0.608,0.0
0.5760000000000001,0.0,0.0,0.0,0.0,0.0,0.5760000000000001,0.0
0.56,0.0,0.0,0.0,0.0,0.0,0.56,0.0
0.568,0.0,0.0,0.0,0.0,0.0,0.568,0.0
0.4,0.0,0.0,0.0,0.0,0.0,0.4,0.0
0.5920000000000001,0.0,0.0,0.0,0.0,0.0,0.5920000000000001,0.0
0.552,0.0,0.0,0.0,0.0,0.0,0.552,0.0
0.752,0.0,0.0,0.0,0.0,0.0,0.752,0.0
0.68,0.0,0.0,0.0,0.0,0.0,0.68,0.0
0.55319066170056,0.0,0.0,0.0,0.18280933829944007,0.0,0.736,0.0245053291764917
0.09914919624114898,0.0,0.0,0.0,0.44485080375885105,0.0,0.544,0.0596316111744875
0.8249238791756126,0.0,0.0,0.0,0.6790761208243874,0.0,1.504,0.0910291784407582
0.0,0.2980779000486511,0.0,0.0,0.528,0.0,0.528,0.110734555764098
0.6346778811963462,0.0,0.0,0.0,0.8933221188036539,0.0,1.528,0.119748546685657
0.18307233835455095,0.0,0.0,0.0,0.7369276616454491,0.0,0.92,0.0987840943787243
0.29395619396317835,0.0,0.0,0.0,0.44204380603682164,0.0,0.736,0.0592553371623617
0.9723009174632276,0.0,0.0,0.0,0.13169908253677254,0.0,1.104,0.0176540728161229
2.7119999999999997,0.0,0.0,0.0,0.0,0.0,2.7119999999999997,0.0
4.016,0.0,0.0,0.0,0.0,0.0,4.016,0.0
1.6880000000000002,0.0,0.0,0.0,0.0,0.0,1.6880000000000002,0.0
1.6640000000000001,0.0,0.0,0.0,0.0,0.0,1.6640000000000001,0.0
2.6319999999999997,0.0,0.0,0.0,0.0,0.0,2.6319999999999997,0.0
1.016,0.0,0.0,0.0,0.0,0.0,1.016,0.0
0.6239999999999979,0.0,0.0,0.0,0.0,0.0,0.624,0.0
0.608,0.0,0.0,0.0,0.0,0.0,0.608,0.0
0.504,0.0,0.0,0.0,0.0,0.0,0.504,0.0
0.47200000000000003,0.0,0.0,0.0,0.0,0.0,0.47200000000000003,0.0
0.384,0.0,0.0,0.0,0.0,0.0,0.384,0.0
0.41600000000000004,0.0,0.0,0.0,0.0,0.0,0.41600000000000004,0.0
0.528,0.0,0.0,0.0,0.0,0.0,0.528,0.0
0.72,0.0,0.0,0.0,0.0,0.0,0.72,0.0
0.8,0.0,0.0,0.0,0.0,0.0,0.8,0.0
0.504,0.0,0.0,0.0,0.0,0.0,0.504,0.0
0.0,0.10624155399498147,0.0,0.0,0.52,0.0,0.52,0.0839467806590257
0.0,0.8962327510099339,0.0,0.0,0.528,0.0,0.528,0.19091635423060702
0.0,0.8339916168874149,0.0,0.0,1.208,0.0,1.208,0.273726042733649
0.0,1.4749367086719232,0.0,0.0,0.8240000000000001,0.0,0.8240000000000001,0.308169163161937
0.0,1.111483749355432,0.0,0.0,1.216,0.0,1.216,0.311995852955093
0.0,1.68751396303107,0.0,0.0,0.384,0.0,0.384,0.277683470822621
0.0,1.0489262348491115,0.0,0.0,0.552,0.0,0.552,0.21460186190269198
0.1818741358676873,0.0,0.0,0.0,0.8261258641323127,0.0,1.008,0.110740985280608
3.8480000000000003,0.0,0.0,0.0,0.0,0.0,3.8480000000000003,0.0
6.904,0.0,0.0,0.0,0.0,0.0,6.904,0.0
1.5759999999999998,0.0,0.0,0.0,0.0,0.0,1.5759999999999998,0.0
1.672,0.0,0.0,0.0,0.0,0.0,1.672,0.0
1.504,0.0,0.0,0.0,0.0,0.0,1.504,0.0
0.9840000000000001,0.0,0.0,0.0,0.0,0.0,0.9840000000000001,0.0
1.0,0.0,0.0,0.0,0.0,0.0,1.0,0.0
0.544,0.0,0.0,0.0,0.0,0.0,0.544,0.0
0.41600000000000004,0.0,0.0,0.0,0.0,0.0,0.41600000000000004,0.0
0.424,0.0,0.0,0.0,0.0,0.0,0.424,0.0
0.44799999999999995,0.0,0.0,0.0,0.0,0.0,0.44799999999999995,0.0
0.456,0.0,0.0,0.0,0.0,0.0,0.456,0.0
0.7040000000000001,0.0,0.0,0.0,0.0,0.0,0.7040000000000001,0.0
0.632,0.0,0.0,0.0,0.0,0.0,0.632,0.0
0.84,0.0,0.0,0.0,0.0,0.0,0.84,0.0
0.7052066851995372,0.0,0.0,0.0,0.03879331480046286,0.0,0.7440000000000001,0.005200188118811879
0.0,0.15668491752979163,0.0,0.0,0.552,0.0,0.552,0.0949981951033385
0.0,1.0399180289258292,0.0,0.0,0.5920000000000001,0.0,0.5920000000000001,0.218756267376093
0.0,0.8413659974625882,0.0,0.0,1.416,0.0,1.416,0.302596669044503
0.0,0.9844958648857873,0.0,0.0,1.7519999999999998,0.0,1.7519999999999998,0.36682333945814605
0.8356727336529577,0.0,0.0,0.0,2.6043272663470423,0.0,3.44,0.34910632869646196
0.33356151632751674,0.0,0.0,0.0,2.1944384836724833,0.0,2.528,0.29416132622214197
0.0,0.9634456253414077,0.0,0.0,0.544,0.0,0.544,0.202070920491739
0.021433556172174906,0.0,0.0,0.0,0.6185664438278251,0.0,0.64,0.0829179431671251
1.32,0.0,0.0,0.0,0.0,0.0,1.32,0.0
3.576,0.0,0.0,0.0,0.0,0.0,3.576,0.0
2.296,0.0,0.0,0.0,0.0,0.0,2.296,0.0
2.008,0.0,0.0,0.0,0.0,0.0,2.008,0.0
1.8880000000000001,0.0,0.0,0.0,0.0,0.0,1.8880000000000001,0.0
1.3519999999999999,0.0,0.0,0.0,0.0,0.0,1.3519999999999999,0.0
0.96,0.0,0.0,0.0,0.0,0.0,0.96,0.0
0.528,0.0,0.0,0.0,0.0,0.0,0.528,0.0
0.376,0.0,0.0,0.0,0.0,0.0,0.376,0.0
0.6559999999999999,0.0,0.0,0.0,0.0,0.0,0.6559999999999999,0.0
0.504,0.0,0.0,0.0,0.0,0.0,0.504,0.0
0.47200000000000003,0.0,0.0,0.0,0.0,0.0,0.47200000000000003,0.0
0.47200000000000003,0.0,0.0,0.0,0.0,0.0,0.47200000000000003,0.0
0.52,0.0,0.0,0.0,0.0,0.0,0.52,0.0
0.528,0.0,0.0,0.0,0.0,0.0,0.528,0.0
0.5515105185305383,0.0,0.0,0.0,0.03248948146946167,0.0,0.584,0.004355168316831679
0.09649040513272966,0.0,0.0,0.0,0.7195095948672703,0.0,0.816,0.0964492275497758
0.22219320558300226,0.0,0.0,0.0,0.8658067944169978,0.0,1.088,0.116060156979938
0.0,0.34305687372875315,0.0,0.0,0.8,0.0,0.8,0.153225131816258
0.0,0.9652856997792267,0.0,0.0,0.76,0.0,0.76,0.23127206952268303
0.0,1.16232405386286,0.0,0.0,0.52,0.0,0.52,0.225513122605978
0.0,0.3965385818902464,0.0,0.0,0.512,0.0,0.512,0.12178829170255599
0.3620744611057817,0.0,0.0,0.0,0.5179255388942183,0.0,0.88,0.0694271744407575
0.968,0.0,0.0,0.0,0.0,0.0,0.968,0.0
2.168,0.0,0.0,0.0,0.0,0.0,2.168,0.0
2.6239999999999997,0.0,0.0,0.0,0.0,0.0,2.6239999999999997,0.0
2.64,0.0,0.0,0.0,0.0,0.0,2.64,0.0
2.16,0.0,0.0,0.0,0.0,0.0,2.16,0.0
1.936,0.0,0.0,0.0,0.0,0.0,1.936,0.0
1.696,0.0,0.0,0.0,0.0,0.0,1.696,0.0
0.7440000000000001,0.0,0.0,0.0,0.0,0.0,0.7440000000000001,0.0
0.7040000000000001,0.0,0.0,0.0,0.0,0.0,0.7040000000000001,0.0
0.512,0.0,0.0,0.0,0.0,0.0,0.512,0.0
0.672,0.0,0.0,0.0,0.0,0.0,0.672,0.0
0.44799999999999995,0.0,0.0,0.0,0.0,0.0,0.44799999999999995,0.0
0.43200000000000005,0.0,0.0,0.0,0.0,0.0,0.43200000000000005,0.0
0.5760000000000001,0.0,0.0,0.0,0.0,0.0,0.5760000000000001,0.0
0.528,0.0,0.0,0.0,0.0,0.0,0.528,0.0
0.76,0.0,0.0,0.0,0.0,0.0,0.76,0.0
0.7759999999999999,0.0,0.0,0.0,0.0,0.0,0.7759999999999999,0.0
0.0630175667599635,0.0,0.0,0.0,0.6489824332400366,0.0,0.7120000000000001,0.0869951628524458
0.0,0.44551757249423063,0.0,0.0,1.056,0.0,1.056,0.20127627352377198
0.0,0.9986007545310962,0.0,0.0,1.0959999999999999,0.0,1.0959999999999999,0.280778222056885
0.0,1.3024373471815909,0.0,0.0,1.072,0.0,1.072,0.318289915290497
0.0,1.39291058210268,0.0,0.0,0.96,0.0,0.96,0.31540428335686105
0.0,2.2463434807701175,0.0,0.0,0.608,0.0,0.608,0.382620643068424
0.0,1.3285937712622737,0.0,0.0,0.64,0.0,0.64,0.263887166970403
0.059465020157519755,0.0,0.0,0.0,0.8445349798424803,0.0,0.904,0.11320870079515599
1.768,0.0,0.0,0.0,0.0,0.0,1.768,0.0
3.1919999999999997,0.0,0.0,0.0,0.0,0.0,3.1919999999999997,0.0
2.24,0.0,0.0,0.0,0.0,0.0,2.24,0.0
1.7519999999999998,0.0,0.0,0.0,0.0,0.0,1.7519999999999998,0.0
1.6,0.0,0.0,0.0,0.0,0.0,1.6,0.0
1.808,0.0,0.0,0.0,0.0,0.0,1.808,0.0
1.264,0.0,0.0,0.0,0.0,0.0,1.264,0.0
0.792,0.0,0.0,0.0,0.0,0.0,0.792,0.0
0.496,0.0,0.0,0.0,0.0,0.0,0.496,0.0
0.496,0.0,0.0,0.0,0.0,0.0,0.496,0.0
0.528,0.0,0.0,0.0,0.0,0.0,0.528,0.0
0.5920000000000001,0.0,0.0,0.0,0.0,0.0,0.5920000000000001,0.0
0.496,0.0,0.0,0.0,0.0,0.0,0.496,0.0
0.536,0.0,0.0,0.0,0.0,0.0,0.536,0.0
0.528,0.0,0.0,0.0,0.0,0.0,0.528,0.0
1.286556225009413,0.0,0.0,0.0,0.02544377499058688,0.0,1.3119999999999998,0.00341070148514852
0.6230658565945033,0.0,0.0,0.0,0.48893414340549685,0.0,1.112,0.0655409195243195
0.0,0.8921761925169334,0.0,0.0,1.264,0.0,1.264,0.28903232106006604
0.0,1.8183024065763083,0.0,0.0,1.08,0.0,1.08,0.388513273921675
0.0,2.34286221072349,0.0,0.0,0.848,0.0,0.848,0.427730495378346
0.0,2.3311869230827766,0.0,0.0,0.7759999999999999,0.0,0.7759999999999999,0.41651394327741
0.0,1.8240823170059346,0.0,0.0,0.84,0.0,0.84,0.35711640739362105
0.0,0.5202170092560969,0.0,0.0,1.3519999999999999,0.0,1.3519999999999999,0.250968000477621
0.10488313044976538,0.0,0.0,0.0,0.7991168695502346,0.0,0.904,0.107120468357803
2.312,0.0,0.0,0.0,0.0,0.0,2.312,0.0
1.608,0.0,0.0,0.0,0.0,0.0,1.608,0.0
2.248,0.0,0.0,0.0,0.0,0.0,2.248,0.0
1.3519999999999999,0.0,0.0,0.0,0.0,0.0,1.3519999999999999,0.0
1.32,0.0,0.0,0.0,0.0,0.0,1.32,0.0
1.264,0.0,0.0,0.0,0.0,0.0,1.264,0.0
1.28,0.0,0.0,0.0,0.0,0.0,1.28,0.0
0.792,0.0,0.0,0.0,0.0,0.0,0.792,0.0
0.624,0.0,0.0,0.0,0.0,0.0,0.624,0.0
0.456,0.0,0.0,0.0,0.0,0.0,0.456,0.0
0.528,0.0,0.0,0.0,0.0,0.0,0.528,0.0
0.512,0.0,0.0,0.0,0.0,0.0,0.512,0.0
0.488,0.0,0.0,0.0,0.0,0.0,0.488,0.0
0.44,0.0,0.0,0.0,0.0,0.0,0.44,0.0
0.544,0.0,0.0,0.0,0.0,0.0,0.544,0.0
0.6401896953791792,0.0,0.0,0.0,0.023810304620820778,0.0,0.664,0.00319173712871287
1.1188352231616847,0.0,0.0,0.0,0.44116477683831534,0.0,1.56,0.0591375045611088
3.740602598144747,0.0,0.0,0.0,1.2433974018552527,0.0,4.984,0.16667563546315198
0.11062852185525429,0.0,0.0,0.0,1.6893714781447458,0.0,1.8,0.226457819706687
0.0,0.48916438793070194,0.0,0.0,1.4880000000000002,0.0,1.4880000000000002,0.26503604582232104
0.0,0.9731899733697588,0.0,0.0,0.872,0.0,0.872,0.247345065143898
0.0,0.5776733295123821,0.0,0.0,0.968,0.0,0.968,0.20719528931822
0.3842889799348286,0.0,0.0,0.0,1.1517110200651715,0.0,1.536,0.154385207700172
1.1181111323287687,0.0,0.0,0.0,0.2578888676712313,0.0,1.376,0.0345696322300817
2.696,0.0,0.0,0.0,0.0,0.0,2.696,0.0
4.136,0.0,0.0,0.0,0.0,0.0,4.136,0.0
2.224,0.0,0.0,0.0,0.0,0.0,2.224,0.0
1.976,0.0,0.0,0.0,0.0,0.0,1.976,0.0
1.4880000000000002,0.0,0.0,0.0,0.0,0.0,1.4880000000000002,0.0
1.3359999999999999,0.0,0.0,0.0,0.0,0.0,1.3359999999999999,0.0
0.976,0.0,0.0,0.0,0.0,0.0,0.976,0.0
0.56,0.0,0.0,0.0,0.0,0.0,0.56,0.0
0.648,0.0,0.0,0.0,0.0,0.0,0.648,0.0
0.52,0.0,0.0,0.0,0.0,0.0,0.52,0.0
0.424,0.0,0.0,0.0,0.0,0.0,0.424,0.0
0.41600000000000004,0.0,0.0,0.0,0.0,0.0,0.41600000000000004,0.0
0.424,0.0,0.0,0.0,0.0,0.0,0.424,0.0
1.28,0.0,0.0,0.0,0.0,0.0,1.28,0.0
1.12,0.0,0.0,0.0,0.0,0.0,1.12,0.0
0.6812535074158227,0.0,0.0,0.0,0.022746492584177345,0.0,0.7040000000000001,0.00304913465346535
0.1665185605411505,0.0,0.0,0.0,0.39348143945884956,0.0,0.56,0.0527456216869225
0.0,0.8423362106629906,0.0,0.0,0.688,0.0,0.688,0.205139370569651
0.0,1.114478284141461,0.0,0.0,0.976,0.0,0.976,0.28022561082346503
0.0,1.5053097880318838,0.0,0.0,0.7759999999999999,0.0,0.7759999999999999,0.30580629977284396
0.0,1.1394391534832655,0.0,0.0,0.792,0.0,0.792,0.258906643833177
0.0,0.8344740915593362,0.0,0.0,0.7759999999999999,0.0,0.7759999999999999,0.21588173837831698
0.0,0.07879980291350852,0.0,0.0,0.8,0.0,0.8,0.117801851103235
1.4288605144112865,0.0,0.0,0.0,0.3471394855887136,0.0,1.776,0.0465335493451402
3.2,0.0,0.0,0.0,0.0,0.0,3.2,0.0
4.936,0.0,0.0,0.0,0.0,0.0,4.936,0.0
2.4,0.0,0.0,0.0,0.0,0.0,2.4,0.0
2.608,0.0,0.0,0.0,0.0,0.0,2.608,0.0
3.448,0.0,0.0,0.0,0.0,0.0,3.448,0.0
1.72,0.0,0.0,0.0,0.0,0.0,1.72,0.0
0.7040000000000001,0.0,0.0,0.0,0.0,0.0,0.7040000000000001,0.0
0.43200000000000005,0.0,0.0,0.0,0.0,0.0,0.43200000000000005,0.0
0.568,0.0,0.0,0.0,0.0,0.0,0.568,0.0
0.5920000000000001,0.0,0.0,0.0,0.0,0.0,0.5920000000000001,0.0
0.552,0.0,0.0,0.0,0.0,0.0,0.552,0.0
0.46399999999999997,0.0,0.0,0.0,0.0,0.0,0.46399999999999997,0.0
0.544,0.0,0.0,0.0,0.0,0.0,0.544,0.0
0.8959999999999999,0.0,0.0,0.0,0.0,0.0,0.8959999999999999,0.0
0.7440000000000001,0.0,0.0,0.0,0.0,0.0,0.7440000000000001,0.0
0.7376644453786336,0.0,0.0,0.0,0.022335554621366382,0.0,0.76,0.0029940490099009897
0.43609313831490437,0.0,0.0,0.0,0.33990686168509554,0.0,0.7759999999999999,0.0455640265011944
0.0,1.1401938898660262,0.0,0.0,0.68,0.0,0.68,0.243994376059412
0.0,1.5242935656780277,0.0,0.0,1.024,0.0,1.024,0.34159509161938206
0.0,2.001768583818772,0.0,0.0,0.92,0.0,0.92,0.39165888126969
0.0,2.112090137988205,0.0,0.0,0.7120000000000001,0.0,0.7120000000000001,0.378565225930238
0.0,1.566015994855589,0.0,0.0,0.8320000000000001,0.0,0.8320000000000001,0.32145059913828494
0.0,0.9153908457781246,0.0,0.0,0.736,0.0,0.736,0.221366570500638
1.5276929504222332,0.0,0.0,0.0,0.6643070495777665,0.0,2.1919999999999997,0.0890494056572876
2.6719999999999997,0.0,0.0,0.0,0.0,0.0,2.6719999999999997,0.0
2.944,0.0,0.0,0.0,0.0,0.0,2.944,0.0
2.56,0.0,0.0,0.0,0.0,0.0,2.56,0.0
1.736,0.0,0.0,0.0,0.0,0.0,1.736,0.0
1.976,0.0,0.0,0.0,0.0,0.0,1.976,0.0
1.3840000000000001,0.0,0.0,0.0,0.0,0.0,1.3840000000000001,0.0
0.84,0.0,0.0,0.0,0.0,0.0,0.84,0.0
0.664,0.0,0.0,0.0,0.0,0.0,0.664,0.0
0.544,0.0,0.0,0.0,0.0,0.0,0.544,0.0
0.41600000000000004,0.0,0.0,0.0,0.0,0.0,0.41600000000000004,0.0
0.536,0.0,0.0,0.0,0.0,0.0,0.536,0.0
0.44799999999999995,0.0,0.0,0.0,0.0,0.0,0.44799999999999995,0.0
0.7040000000000001,0.0,0.0,0.0,0.0,0.0,0.7040000000000001,0.0
0.728,0.0,0.0,0.0,0.0,0.0,0.728,0.0
0.68,0.0,0.0,0.0,0.0,0.0,0.68,0.0
0.7440000000000001,0.0,0.0,0.0,0.0,0.0,0.7440000000000001,0.0
0.7483591238051328,0.0,0.0,0.0,0.17964087619486707,0.0,0.9279999999999999,0.024080601383162998
0.18798124445112485,0.0,0.0,0.0,1.2360187555488753,0.0,1.4240000000000002,0.165686538525891
0.0,0.6976816167345745,0.0,0.0,1.12,0.0,1.12,0.243657609455254
0.0,1.070715740472663,0.0,0.0,1.032,0.0,1.032,0.28186602426442303
0.0,1.1702309681996068,0.0,0.0,1.04,0.0,1.04,0.296278286085636
0.0,0.9399968158390283,0.0,0.0,0.888,0.0,0.888,0.245040347076467
0.0,0.3567934301332213,0.0,0.0,0.84,0.0,0.84,0.160428440004736
0.2732507004404907,0.0,0.0,0.0,0.5267492995595093,0.0,0.8,0.0706099868817902
2.16,0.0,0.0,0.0,0.0,0.0,2.16,0.0
2.864,0.0,0.0,0.0,0.0,0.0,2.864,0.0
2.3680000000000003,0.0,0.0,0.0,0.0,0.0,2.3680000000000003,0.0
3.04,0.0,0.0,0.0,0.0,0.0,3.04,0.0
1.984,0.0,0.0,0.0,0.0,0.0,1.984,0.0
1.296,0.0,0.0,0.0,0.0,0.0,1.296,0.0
1.12,0.0,0.0,0.0,0.0,0.0,1.12,0.0
0.992,0.0,0.0,0.0,0.0,0.0,0.992,0.0
0.504,0.0,0.0,0.0,0.0,0.0,0.504,0.0
0.608,0.0,0.0,0.0,0.0,0.0,0.608,0.0
0.6,0.0,0.0,0.0,0.0,0.0,0.6,0.0
0.392,0.0,0.0,0.0,0.0,0.0,0.392,0.0
0.512,0.0,0.0,0.0,0.0,0.0,0.512,0.0
0.9279999999999999,0.0,0.0,0.0,0.0,0.0,0.9279999999999999,0.0
0.544,0.0,0.0,0.0,0.0,0.0,0.544,0.0
0.688,0.0,0.0,0.0,0.0,0.0,0.688,0.0
0.5154339679380859,0.0,0.0,0.0,0.204566032061914,0.0,0.72,0.0274217827198454
0.0,0.5695308110048334,0.0,0.0,0.6559999999999999,0.0,0.6559999999999999,0.164280644626666
0.0,1.025880745702175,0.0,0.0,0.72,0.0,0.72,0.23403280584196304
0.0,1.3619575117762561,0.0,0.0,0.728,0.0,0.728,0.280155802036047
0.0,1.2181810396535502,0.0,0.0,0.664,0.0,0.664,0.252303664438147
0.0,1.0144593308218606,0.0,0.0,0.608,0.0,0.608,0.21748834248355198
0.0,0.29659038911679303,0.0,0.0,0.816,0.0,0.816,0.149141143321952
0.2845745163038933,0.0,0.0,0.0,0.5314254836961066,0.0,0.816,0.0712368226475294
2.08,0.0,0.0,0.0,0.0,0.0,2.08,0.0
2.648,0.0,0.0,0.0,0.0,0.0,2.648,0.0
2.144,0.0,0.0,0.0,0.0,0.0,2.144,0.0
3.008,0.0,0.0,0.0,0.0,0.0,3.008,0.0
1.944,0.0,0.0,0.0,0.0,0.0,1.944,0.0
1.536,0.0,0.0,0.0,0.0,0.0,1.536,0.0
0.76,0.0,0.0,0.0,0.0,0.0,0.76,0.0
0.504,0.0,0.0,0.0,0.0,0.0,0.504,0.0
0.408,0.0,0.0,0.0,0.0,0.0,0.408,0.0
0.616,0.0,0.0,0.0,0.0,0.0,0.616,0.0
0.48,0.0,0.0,0.0,0.0,0.0,0.48,0.0
0.384,0.0,0.0,0.0,0.0,0.0,0.384,0.0
0.512,0.0,0.0,0.0,0.0,0.0,0.512,0.0
1.1840000000000002,0.0,0.0,0.0,0.0,0.0,1.1840000000000002,0.0
0.584,0.0,0.0,0.0,0.0,0.0,0.584,0.0
0.624,0.0,0.0,0.0,0.0,0.0,0.624,0.0
0.43735342605417143,0.0,0.0,0.0,0.3466465739458286,0.0,0.784,0.0464674752475247
0.0,0.559682595774506,0.0,0.0,0.8320000000000001,0.0,0.8320000000000001,0.18655305268261102
0.0,1.2178046856821956,0.0,0.0,0.872,0.0,0.872,0.28013531591768703
0.0,1.5195850350594347,0.0,0.0,0.856,0.0,0.856,0.318443761201762
0.0,1.3922321097139807,0.0,0.0,0.688,0.0,0.688,0.27885212586103997
0.0,1.0074283660742607,0.0,0.0,0.672,0.0,0.672,0.22512495981784
0.0,0.5033290119348288,0.0,0.0,0.5920000000000001,0.0,0.5920000000000001,0.14682728050827698
0.6644521134663437,0.0,0.0,0.0,0.3275478865336563,0.0,0.992,0.0439073236369566
1.48,0.0,0.0,0.0,0.0,0.0,1.48,0.0
4.712,0.0,0.0,0.0,0.0,0.0,4.712,0.0
1.7519999999999998,0.0,0.0,0.0,0.0,0.0,1.7519999999999998,0.0
1.8719999999999999,0.0,0.0,0.0,0.0,0.0,1.8719999999999999,0.0
2.272,0.0,0.0,0.0,0.0,0.0,2.272,0.0
1.544,0.0,0.0,0.0,0.0,0.0,1.544,0.0
1.464,0.0,0.0,0.0,0.0,0.0,1.464,0.0
0.736,0.0,0.0,0.0,0.0,0.0,0.736,0.0
0.624,0.0,0.0,0.0,0.0,0.0,0.624,0.0
0.512,0.0,0.0,0.0,0.0,0.0,0.512,0.0
0.44,0.0,0.0,0.0,0.0,0.0,0.44,0.0
0.46399999999999997,0.0,0.0,0.0,0.0,0.0,0.46399999999999997,0.0
0.536,0.0,0.0,0.0,0.0,0.0,0.536,0.0
0.584,0.0,0.0,0.0,0.0,0.0,0.584,0.0
0.64,0.0,0.0,0.0,0.0,0.0,0.64,0.0
0.976,0.0,0.0,0.0,0.0,0.0,0.976,0.0
0.5599123334458331,0.0,0.0,0.0,0.304087666554167,0.0,0.8640000000000001,0.0407625148514852
0.24460203793086432,0.0,0.0,0.0,0.5153979620691357,0.0,0.76,0.0690883563984534
0.13969164387014765,0.0,0.0,0.0,1.2203083561298524,0.0,1.36,0.163580582053215
2.215315312322145,0.0,0.0,0.0,1.0726846876778553,0.0,3.2880000000000003,0.143791841372299
0.8550847645486932,0.0,0.0,0.0,1.072915235451307,0.0,1.9280000000000002,0.14382274597012698
0.0,0.28357889042879414,0.0,0.0,0.8,0.0,0.8,0.145252193600531
0.0,0.12979213282361557,0.0,0.0,0.536,0.0,0.536,0.08924847893293401
0.7897060719562806,0.0,0.0,0.0,0.09829392804371936,0.0,0.888,0.0131761598459279
1.4,0.0,0.0,0.0,0.0,0.0,1.4,0.0
1.808,0.0,0.0,0.0,0.0,0.0,1.808,0.0
1.72,0.0,0.0,0.0,0.0,0.0,1.72,0.0
1.84,0.0,0.0,0.0,0.0,0.0,1.84,0.0
2.336,0.0,0.0,0.0,0.0,0.0,2.336,0.0
2.48,0.0,0.0,0.0,0.0,0.0,2.48,0.0
1.984,0.0,0.0,0.0,0.0,0.0,1.984,0.0
1.544,0.0,0.0,0.0,0.0,0.0,1.544,0.0
1.4080000000000001,0.0,0.0,0.0,0.0,0.0,1.4080000000000001,0.0
1.3119999999999998,0.0,0.0,0.0,0.0,0.0,1.3119999999999998,0.0
0.672,0.0,0.0,0.0,0.0,0.0,0.672,0.0
0.616,0.0,0.0,0.0,0.0,0.0,0.616,0.0
0.456,0.0,0.0,0.0,0.0,0.0,0.456,0.0
0.47200000000000003,0.0,0.0,0.0,0.0,0.0,0.47200000000000003,0.0
0.512,0.0,0.0,0.0,0.0,0.0,0.512,0.0
0.872,0.0,0.0,0.0,0.0,0.0,0.872,0.0
1.0580599444732792,0.0,0.0,0.0,0.07794005552672073,0.0,1.136,0.0104477524752475
2.2192574373918688,0.0,0.0,0.0,0.15674256260813113,0.0,2.376,0.0210111153424096
1.8118718856071772,0.0,0.0,0.0,0.316128114392823,0.0,2.128,0.0423765195870384
1.3327344792423141,0.0,0.0,0.0,0.9952655207576862,0.0,2.3280000000000003,0.13341391326645502
0.0,0.013271573534097358,0.0,0.0,1.208,0.0,1.208,0.163709699962503
0.9705419082269159,0.0,0.0,0.0,0.5574580917730841,0.0,1.528,0.0747264563619953
2.2162978160189795,0.0,0.0,0.0,0.2557021839810204,0.0,2.472,0.0342765104227826
2.52381303102676,0.0,0.0,0.0,0.01218696897324005,0.0,2.536,0.00163364568315301
2.824,0.0,0.0,0.0,0.0,0.0,2.824,0.0
3.056,0.0,0.0,0.0,0.0,0.0,3.056,0.0
1.656,0.0,0.0,0.0,0.0,0.0,1.656,0.0
1.8719999999999999,0.0,0.0,0.0,0.0,0.0,1.8719999999999999,0.0
1.8319999999999999,0.0,0.0,0.0,0.0,0.0,1.8319999999999999,0.0
2.04,0.0,0.0,0.0,0.0,0.0,2.04,0.0
1.04,0.0,0.0,0.0,0.0,0.0,1.04,0.0
1.024,0.0,0.0,0.0,0.0,0.0,1.024,0.0
0.8959999999999999,0.0,0.0,0.0,0.0,0.0,0.8959999999999999,0.0
0.488,0.0,0.0,0.0,0.0,0.0,0.488,0.0
0.424,0.0,0.0,0.0,0.0,0.0,0.424,0.0
0.408,0.0,0.0,0.0,0.0,0.0,0.408,0.0
0.552,0.0,0.0,0.0,0.0,0.0,0.552,0.0
1.112,0.0,0.0,0.0,0.0,0.0,1.112,0.0
0.68,0.0,0.0,0.0,0.0,0.0,0.68,0.0
0.5920000000000001,0.0,0.0,0.0,0.0,0.0,0.5920000000000001,0.0
0.3632993519571797,0.0,0.0,0.0,0.2847006480428203,0.0,0.648,0.0381637128712871
0.10229341044390883,0.0,0.0,0.0,0.5617065895560912,0.0,0.664,0.0752959613864468
0.5925273245419432,0.0,0.0,0.0,0.4234726754580568,0.0,1.016,0.0567659037874276
0.4041394518813723,0.0,0.0,0.0,0.39586054811862775,0.0,0.8,0.0530645377849558
0.0,0.133721025855974,0.0,0.0,0.6,0.0,0.6,0.0983542494577745
0.0,0.8690241923664059,0.0,0.0,0.52,0.0,0.52,0.18619669752479798
0.0,0.4849538310369945,0.0,0.0,0.544,0.0,0.544,0.13792978286301802
0.46209388793821404,0.0,0.0,0.0,0.4979061120617859,0.0,0.96,0.06674359903363099
3.92,0.0,0.0,0.0,0.0,0.0,3.92,0.0
4.992,0.0,0.0,0.0,0.0,0.0,4.992,0.0
1.8559999999999999,0.0,0.0,0.0,0.0,0.0,1.8559999999999999,0.0
1.56,0.0,0.0,0.0,0.0,0.0,1.56,0.0
1.9280000000000002,0.0,0.0,0.0,0.0,0.0,1.9280000000000002,0.0
1.5519999999999998,0.0,0.0,0.0,0.0,0.0,1.5519999999999998,0.0
1.248,0.0,0.0,0.0,0.0,0.0,1.248,0.0
0.68,0.0,0.0,0.0,0.0,0.0,0.68,0.0
0.46399999999999997,0.0,0.0,0.0,0.0,0.0,0.46399999999999997,0.0
0.56,0.0,0.0,0.0,0.0,0.0,0.56,0.0
0.376,0.0,0.0,0.0,0.0,0.0,0.376,0.0
0.4,0.0,0.0,0.0,0.0,0.0,0.4,0.0
0.43200000000000005,0.0,0.0,0.0,0.0,0.0,0.43200000000000005,0.0
1.536,0.0,0.0,0.0,0.0,0.0,1.536,0.0
0.752,0.0,0.0,0.0,0.0,0.0,0.752,0.0
0.7040000000000001,0.0,0.0,0.0,0.0,0.0,0.7040000000000001,0.0
0.35515933335584193,0.0,0.0,0.0,0.06084066664415812,0.0,0.41600000000000004,0.008155603960396041
0.4120406759717858,0.0,0.0,0.0,0.12395932402821423,0.0,0.536,0.0166165693069307
0.7944782132616582,0.0,0.0,0.0,0.17352178673834173,0.0,0.968,0.0232603462321546
1.5835595764669657,0.0,0.0,0.0,0.18444042353303444,0.0,1.768,0.024723973808849997
0.5061126680152517,0.0,0.0,0.0,0.18988733198474833,0.0,0.696,0.0254541240618137
0.629097669453045,0.0,0.0,0.0,0.130902330546955,0.0,0.76,0.0175472693564959
0.5198184074252326,0.0,0.0,0.0,0.04818159257476735,0.0,0.568,0.00645867326732673
0.9840000000000001,0.0,0.0,0.0,0.0,0.0,0.9840000000000001,0.0
2.36,0.0,0.0,0.0,0.0,0.0,2.36,0.0
2.96,0.0,0.0,0.0,0.0,0.0,2.96,0.0
1.952,0.0,0.0,0.0,0.0,0.0,1.952,0.0
1.32,0.0,0.0,0.0,0.0,0.0,1.32,0.0
1.36,0.0,0.0,0.0,0.0,0.0,1.36,0.0
1.056,0.0,0.0,0.0,0.0,0.0,1.056,0.0
0.728,0.0,0.0,0.0,0.0,0.0,0.728,0.0
0.8240000000000001,0.0,0.0,0.0,0.0,0.0,0.8240000000000001,0.0
0.5760000000000001,0.0,0.0,0.0,0.0,0.0,0.5760000000000001,0.0
0.456,0.0,0.0,0.0,0.0,0.0,0.456,0.0
0.384,0.0,0.0,0.0,0.0,0.0,0.384,0.0
0.408,0.0,0.0,0.0,0.0,0.0,0.408,0.0
0.584,0.0,0.0,0.0,0.0,0.0,0.584,0.0
1.128,0.0,0.0,0.0,0.0,0.0,1.128,0.0
1.16,0.0,0.0,0.0,0.0,0.0,1.16,0.0
0.72,0.0,0.0,0.0,0.0,0.0,0.72,0.0
0.5219203981918329,0.0,0.0,0.0,0.11807960180816714,0.0,0.64,0.015828400990099
0.7143065145275035,0.0,0.0,0.0,0.15769348547249648,0.0,0.872,0.021138585186289
1.1005333826252168,0.0,0.0,0.0,0.6434666173747832,0.0,1.744,0.086255775659689
0.0,0.03272474424723415,0.0,0.0,0.92,0.0,0.92,0.12771138328899498
0.05390747845864152,0.0,0.0,0.0,0.6340925215413584,0.0,0.688,0.0849991915799754
0.09833594917453403,0.0,0.0,0.0,0.701664050825466,0.0,0.8,0.09405705800774901
1.340283170562063,0.0,0.0,0.0,0.37971682943793705,0.0,1.72,0.0509004954877565
1.0235885500090314,0.0,0.0,0.0,0.024411449990968774,0.0,1.048,0.0032723198019802
1.008,0.0,0.0,0.0,0.0,0.0,1.008,0.0
2.208,0.0,0.0,0.0,0.0,0.0,2.208,0.0
2.608,0.0,0.0,0.0,0.0,0.0,2.608,0.0
2.032,0.0,0.0,0.0,0.0,0.0,2.032,0.0
1.68,0.0,0.0,0.0,0.0,0.0,1.68,0.0
1.5119999999999998,0.0,0.0,0.0,0.0,0.0,1.5119999999999998,0.0
1.136,0.0,0.0,0.0,0.0,0.0,1.136,0.0
0.648,0.0,0.0,0.0,0.0,0.0,0.648,0.0
0.5760000000000001,0.0,0.0,0.0,0.0,0.0,0.5760000000000001,0.0
0.584,0.0,0.0,0.0,0.0,0.0,0.584,0.0
0.496,0.0,0.0,0.0,0.0,0.0,0.496,0.0
0.44799999999999995,0.0,0.0,0.0,0.0,0.0,0.44799999999999995,0.0
0.568,0.0,0.0,0.0,0.0,0.0,0.568,0.0
1.016,0.0,0.0,0.0,0.0,0.0,1.016,0.0
1.208,0.0,0.0,0.0,0.0,0.0,1.208,0.0
0.96,0.0,0.0,0.0,0.0,0.0,0.96,0.0
0.664,0.0,0.0,0.0,0.0,0.0,0.664,0.0
0.49298306253587726,0.0,0.0,0.0,0.07501693746412268,0.0,0.568,0.0100559126982861
0.46165064122828225,0.0,0.0,0.0,0.5303493587717177,0.0,0.992,0.0710925696473682
1.4577852281097876,0.0,0.0,0.0,0.38221477189021247,0.0,1.84,0.0512353410849583
0.6891033147987088,0.0,0.0,0.0,0.6868966852012911,0.0,1.376,0.09207751386051699
0.7165765039147718,0.0,0.0,0.0,0.34742349608522827,0.0,1.064,0.0465716205441906
0.9956605005857222,0.0,0.0,0.0,0.15633949941427797,0.0,1.1520000000000001,0.0209570853003112
1.264,0.0,0.0,0.0,0.0,0.0,1.264,0.0
2.904,0.0,0.0,0.0,0.0,0.0,2.904,0.0
2.352,0.0,0.0,0.0,0.0,0.0,2.352,0.0
1.8159999999999998,0.0,0.0,0.0,0.0,0.0,1.8159999999999998,0.0
1.52,0.0,0.0,0.0,0.0,0.0,1.52,0.0
1.8159999999999998,0.0,0.0,0.0,0.0,0.0,1.8159999999999998,0.0
1.0959999999999999,0.0,0.0,0.0,0.0,0.0,1.0959999999999999,0.0
1.264,0.0,0.0,0.0,0.0,0.0,1.264,0.0
1.344,0.0,0.0,0.0,0.0,0.0,1.344,0.0
0.992,0.0,0.0,0.0,0.0,0.0,0.992,0.0
0.56,0.0,0.0,0.0,0.0,0.0,0.56,0.0
0.64,0.0,0.0,0.0,0.0,0.0,0.64,0.0
0.568,0.0,0.0,0.0,0.0,0.0,0.568,0.0
0.688,0.0,0.0,0.0,0.0,0.0,0.688,0.0
0.608,0.0,0.0,0.0,0.0,0.0,0.608,0.0
0.9279999999999999,0.0,0.0,0.0,0.0,0.0,0.9279999999999999,0.0
0.7440000000000001,0.0,0.0,0.0,0.0,0.0,0.7440000000000001,0.0
0.47562648152453524,0.0,0.0,0.0,0.11637351847546483,0.0,0.5920000000000001,0.015599702970296999
0.397124918597492,0.0,0.0,0.0,0.234875081402508,0.0,0.632,0.0314846672421951
1.5261300106741476,0.0,0.0,0.0,0.38586998932585237,0.0,1.912,0.0517253177311474
1.6662564676017149,0.0,0.0,0.0,0.5417435323982852,0.0,2.208,0.0726199422532237
0.9482258652530473,0.0,0.0,0.0,0.5477741347469527,0.0,1.496,0.0734283358345437
1.433700918636422,0.0,0.0,0.0,0.44629908136357793,0.0,1.88,0.0598257507068162
0.7508478258436639,0.0,0.0,0.0,0.249152174156336,0.0,1.0,0.0333984910154795
1.224,0.0,0.0,0.0,0.0,0.0,1.224,0.0
1.3119999999999998,0.0,0.0,0.0,0.0,0.0,1.3119999999999998,0.0
2.24,0.0,0.0,0.0,0.0,0.0,2.24,0.0
2.544,0.0,0.0,0.0,0.0,0.0,2.544,0.0
1.4480000000000002,0.0,0.0,0.0,0.0,0.0,1.4480000000000002,0.0
1.456,0.0,0.0,0.0,0.0,0.0,1.456,0.0
1.304,0.0,0.0,0.0,0.0,0.0,1.304,0.0
0.552,0.0,0.0,0.0,0.0,0.0,0.552,0.0
0.43200000000000005,0.0,0.0,0.0,0.0,0.0,0.43200000000000005,0.0
0.43200000000000005,0.0,0.0,0.0,0.0,0.0,0.43200000000000005,0.0
0.336,0.0,0.0,0.0,0.0,0.0,0.336,0.0
0.35200000000000004,0.0,0.0,0.0,0.0,0.0,0.35200000000000004,0.0
0.46399999999999997,0.0,0.0,0.0,0.0,0.0,0.46399999999999997,0.0
0.64,0.0,0.0,0.0,0.0,0.0,0.64,0.0
0.544,0.0,0.0,0.0,0.0,0.0,0.544,0.0
0.752,0.0,0.0,0.0,0.0,0.0,0.752,0.0
0.8959999999999999,0.0,0.0,0.0,0.0,0.0,0.8959999999999999,0.0
0.5027438889219104,0.0,0.0,0.0,0.08925611107808973,0.0,0.5920000000000001,0.0119646534653465
0.25135998367598383,0.0,0.0,0.0,0.3006400163240162,0.0,0.552,0.0403003622910024
0.15724380561844625,0.0,0.0,0.0,0.45875619438155374,0.0,0.616,0.0614956088110791
0.0,0.02965114882921116,0.0,0.0,0.648,0.0,0.648,0.0908381629919091
0.0,0.13708671678528683,0.0,0.0,0.616,0.0,0.616,0.10095019250624002
0.17755699865757224,0.0,0.0,0.0,0.45444300134242777,0.0,0.632,0.0609174314804856
0.24487130886888267,0.0,0.0,0.0,0.2191286911311173,0.0,0.46399999999999997,0.0293738862474634
0.5472068217095605,0.0,0.0,0.0,0.05279317829043952,0.0,0.6,0.007076849707542529
0.728,0.0,0.0,0.0,0.0,0.0,0.728,0.0
0.792,0.0,0.0,0.0,0.0,0.0,0.792,0.0
0.784,0.0,0.0,0.0,0.0,0.0,0.784,0.0
1.016,0.0,0.0,0.0,0.0,0.0,1.016,0.0
0.976,0.0,0.0,0.0,0.0,0.0,0.976,0.0
1.4880000000000002,0.0,0.0,0.0,0.0,0.0,1.4880000000000002,0.0
1.6159999999999999,0.0,0.0,0.0,0.0,0.0,1.6159999999999999,0.0
0.7759999999999999,0.0,0.0,0.0,0.0,0.0,0.7759999999999999,0.0
0.43200000000000005,0.0,0.0,0.0,0.0,0.0,0.43200000000000005,0.0
0.46399999999999997,0.0,0.0,0.0,0.0,0.0,0.46399999999999997,0.0
0.46399999999999997,0.0,0.0,0.0,0.0,0.0,0.46399999999999997,0.0
0.44799999999999995,0.0,0.0,0.0,0.0,0.0,0.44799999999999995,0.0
0.6,0.0,0.0,0.0,0.0,0.0,0.6,0.0
0.52,0.0,0.0,0.0,0.0,0.0,0.52,0.0
0.616,0.0,0.0,0.0,0.0,0.0,0.616,0.0
0.728,0.0,0.0,0.0,0.0,0.0,0.728,0.0
0.7764382315020372,0.0,0.0,0.0,0.05556176849796291,0.0,0.8320000000000001,0.00744797524752475
2.635646335753122,0.0,0.0,0.0,0.7003536642468782,0.0,3.3360000000000003,0.093881402569381
0.6785969892926282,0.0,0.0,0.0,1.2734030107073717,0.0,1.952,0.17069784422394196
0.0,0.1186556621186432,0.0,0.0,1.432,0.0,1.432,0.207863163846507
0.0,0.26295207810892496,0.0,0.0,1.496,0.0,1.496,0.23578499917290804
0.0,0.4144896725773358,0.0,0.0,0.9840000000000001,0.0,0.9840000000000001,0.187465531549034
0.0,0.14620982684828587,0.0,0.0,1.024,0.0,1.024,0.156864946174199
2.027877702191735,0.0,0.0,0.0,0.5801222978082647,0.0,2.608,0.0777645606217799
1.912,0.0,0.0,0.0,0.0,0.0,1.912,0.0
1.192,0.0,0.0,0.0,0.0,0.0,1.192,0.0
1.1440000000000001,0.0,0.0,0.0,0.0,0.0,1.1440000000000001,0.0
1.048,0.0,0.0,0.0,0.0,0.0,1.048,0.0
1.1440000000000001,0.0,0.0,0.0,0.0,0.0,1.1440000000000001,0.0
0.8959999999999999,0.0,0.0,0.0,0.0,0.0,0.8959999999999999,0.0
0.888,0.0,0.0,0.0,0.0,0.0,0.888,0.0
0.76,0.0,0.0,0.0,0.0,0.0,0.76,0.0
0.544,0.0,0.0,0.0,0.0,0.0,0.544,0.0
0.488,0.0,0.0,0.0,0.0,0.0,0.488,0.0
0.496,0.0,0.0,0.0,0.0,0.0,0.496,0.0
0.384,0.0,0.0,0.0,0.0,0.0,0.384,0.0
0.536,0.0,0.0,0.0,0.0,0.0,0.536,0.0
0.608,0.0,0.0,0.0,0.0,0.0,0.608,0.0
0.56,0.0,0.0,0.0,0.0,0.0,0.56,0.0
0.792,0.0,0.0,0.0,0.0,0.0,0.792,0.0
0.5045276389153308,0.0,0.0,0.0,0.07147236108466923,0.0,0.5760000000000001,0.009580767326732671
0.0,0.07004810387597665,0.0,0.0,0.47200000000000003,0.0,0.47200000000000003,0.0726607696222631
0.8695377353362576,0.0,0.0,0.0,0.9384622646637425,0.0,1.808,0.12579951839020098
0.30253360332951207,0.0,0.0,0.0,1.0734663966704878,0.0,1.376,0.14389662833976402
0.0,0.07833246133376748,0.0,0.0,1.008,0.0,1.008,0.145621305824583
0.5928746661553295,0.0,0.0,0.0,1.0391253338446704,0.0,1.632,0.139293258202081
0.6585824440052055,0.0,0.0,0.0,0.6534175559947943,0.0,1.3119999999999998,0.0875896846862564
1.1474467077145893,0.0,0.0,0.0,0.2765532922854108,0.0,1.4240000000000002,0.0370715715364376
1.128,0.0,0.0,0.0,0.0,0.0,1.128,0.0
3.56,0.0,0.0,0.0,0.0,0.0,3.56,0.0
2.2,0.0,0.0,0.0,0.0,0.0,2.2,0.0
0.992,0.0,0.0,0.0,0.0,0.0,0.992,0.0
1.472,0.0,0.0,0.0,0.0,0.0,1.472,0.0
1.72,0.0,0.0,0.0,0.0,0.0,1.72,0.0
1.088,0.0,0.0,0.0,0.0,0.0,1.088,0.0
0.8640000000000001,0.0,0.0,0.0,0.0,0.0,0.8640000000000001,0.0
0.56,0.0,0.0,0.0,0.0,0.0,0.56,0.0
0.4,0.0,0.0,0.0,0.0,0.0,0.4,0.0
0.496,0.0,0.0,0.0,0.0,0.0,0.496,0.0
0.44799999999999995,0.0,0.0,0.0,0.0,0.0,0.44799999999999995,0.0
0.608,0.0,0.0,0.0,0.0,0.0,0.608,0.0
0.536,0.0,0.0,0.0,0.0,0.0,0.536,0.0
0.5920000000000001,0.0,0.0,0.0,0.0,0.0,0.5920000000000001,0.0
1.192,0.0,0.0,0.0,0.0,0.0,1.192,0.0
1.410126834270311,0.0,0.0,0.0,0.029873165729688893,0.0,1.44,0.00400445495049505
1.2157557576324336,0.0,0.0,0.0,0.3282442423675665,0.0,1.544,0.0440006691361126
0.0,0.29972283119959553,0.0,0.0,0.552,0.0,0.552,0.114172221943563
0.13608310042939203,0.0,0.0,0.0,0.407916899570608,0.0,0.544,0.0546806743770281
0.352567067793152,0.0,0.0,0.0,0.375432932206848,0.0,0.728,0.0503262452181442
0.0,1.0891615748975305,0.0,0.0,0.46399999999999997,0.0,0.46399999999999997,0.20819907785454103
0.0,0.20855677248688287,0.0,0.0,0.72,0.0,0.72,0.12447170139405
0.9363945791751781,0.0,0.0,0.0,0.01560542082482199,0.0,0.9520000000000001,0.0020918842429348303
0.8640000000000001,0.0,0.0,0.0,0.0,0.0,0.8640000000000001,0.0
3.2560000000000002,0.0,0.0,0.0,0.0,0.0,3.2560000000000002,0.0
3.2960000000000003,0.0,0.0,0.0,0.0,0.0,3.2960000000000003,0.0
0.904,0.0,0.0,0.0,0.0,0.0,0.904,0.0
0.9840000000000001,0.0,0.0,0.0,0.0,0.0,0.9840000000000001,0.0
1.6159999999999999,0.0,0.0,0.0,0.0,0.0,1.6159999999999999,0.0
0.872,0.0,0.0,0.0,0.0,0.0,0.872,0.0
0.5920000000000001,0.0,0.0,0.0,0.0,0.0,0.5920000000000001,0.0
0.46399999999999997,0.0,0.0,0.0,0.0,0.0,0.46399999999999997,0.0
0.5920000000000001,0.0,0.0,0.0,0.0,0.0,0.5920000000000001,0.0
0.552,0.0,0.0,0.0,0.0,0.0,0.552,0.0
0.584,0.0,0.0,0.0,0.0,0.0,0.584,0.0
0.528,0.0,0.0,0.0,0.0,0.0,0.528,0.0
0.44799999999999995,0.0,0.0,0.0,0.0,0.0,0.44799999999999995,0.0
0.44,0.0,0.0,0.0,0.0,0.0,0.44,0.0
0.616,0.0,0.0,0.0,0.0,0.0,0.616,0.0
0.7714064908341898,0.0,0.0,0.0,0.2525935091658102,0.0,1.024,0.033859797029703
0.0,0.22773347114475206,0.0,0.0,0.792,0.0,0.792,0.136693806865364
0.0,0.0866594724015537,0.0,0.0,1.3519999999999999,0.0,1.3519999999999999,0.19285023550783198
0.5937123188392768,0.0,0.0,0.0,1.3022876811607231,0.0,1.896,0.174569792802709
0.0,0.28759366063956815,0.0,0.0,0.784,0.0,0.784,0.14364559076517802
0.7807928312046737,0.0,0.0,0.0,0.6992071687953263,0.0,1.48,0.0937277165011474
1.143769237250365,0.0,0.0,0.0,0.5922307627496352,0.0,1.736,0.0793876829522391
1.10385028604198,0.0,0.0,0.0,0.12014971395801989,0.0,1.224,0.0161058965498789
1.7519999999999998,0.0,0.0,0.0,0.0,0.0,1.7519999999999998,0.0
2.752,0.0,0.0,0.0,0.0,0.0,2.752,0.0
1.064,0.0,0.0,0.0,0.0,0.0,1.064,0.0
1.176,0.0,0.0,0.0,0.0,0.0,1.176,0.0
1.272,0.0,0.0,0.0,0.0,0.0,1.272,0.0
0.9520000000000001,0.0,0.0,0.0,0.0,0.0,0.9520000000000001,0.0
0.76,0.0,0.0,0.0,0.0,0.0,0.76,0.0
0.48,0.0,0.0,0.0,0.0,0.0,0.48,0.0
0.536,0.0,0.0,0.0,0.0,0.0,0.536,0.0
0.43200000000000005,0.0,0.0,0.0,0.0,0.0,0.43200000000000005,0.0
0.544,0.0,0.0,0.0,0.0,0.0,0.544,0.0
0.584,0.0,0.0,0.0,0.0,0.0,0.584,0.0
0.616,0.0,0.0,0.0,0.0,0.0,0.616,0.0
0.56,0.0,0.0,0.0,0.0,0.0,0.56,0.0
0.632,0.0,0.0,0.0,0.0,0.0,0.632,0.0
0.696,0.0,0.0,0.0,0.0,0.0,0.696,0.0
0.8908677435292963,0.0,0.0,0.0,0.029132256470703725,0.0,0.92,0.00390513712871287
1.4995349722475515,0.0,0.0,0.0,0.06846502775244855,0.0,1.568,0.00917763861386139
1.130545473465107,0.0,0.0,0.0,0.4534545265348931,0.0,1.584,0.0607849278525712
0.44410302933344403,0.0,0.0,0.0,0.7238969706665559,0.0,1.168,0.0970373489727983
0.5255423856502655,0.0,0.0,0.0,1.4184576143497345,0.0,1.944,0.19014220545782604
0.0,0.10896232922434157,0.0,0.0,0.8240000000000001,0.0,0.8240000000000001,0.12506225994571601
0.3354318619675599,0.0,0.0,0.0,0.27256813803244007,0.0,0.608,0.0365373673338701
1.01675258645381,0.0,0.0,0.0,0.0072474135461900015,0.0,1.024,0.0009715053742858769
1.24,0.0,0.0,0.0,0.0,0.0,1.24,0.0
1.56,0.0,0.0,0.0,0.0,0.0,1.56,0.0
1.376,0.0,0.0,0.0,0.0,0.0,1.376,0.0
1.288,0.0,0.0,0.0,0.0,0.0,1.288,0.0
1.288,0.0,0.0,0.0,0.0,0.0,1.288,0.0
0.888,0.0,0.0,0.0,0.0,0.0,0.888,0.0
0.632,0.0,0.0,0.0,0.0,0.0,0.632,0.0
0.608,0.0,0.0,0.0,0.0,0.0,0.608,0.0
0.32,0.0,0.0,0.0,0.0,0.0,0.32,0.0
0.48,0.0,0.0,0.0,0.0,0.0,0.48,0.0
0.456,0.0,0.0,0.0,0.0,0.0,0.456,0.0
0.368,0.0,0.0,0.0,0.0,0.0,0.368,0.0
0.536,0.0,0.0,0.0,0.0,0.0,0.536,0.0
0.4,0.0,0.0,0.0,0.0,0.0,0.4,0.0
0.44799999999999995,0.0,0.0,0.0,0.0,0.0,0.44799999999999995,0.0
0.536,0.0,0.0,0.0,0.0,0.0,0.536,0.0
0.7061856852435703,0.0,0.0,0.0,0.1578143147564298,0.0,0.8640000000000001,0.0211547821782178
1.6125688292990974,0.0,0.0,0.0,0.49943117070090276,0.0,2.112,0.0669480309533166
0.5654911976841137,0.0,0.0,0.0,0.9785088023158863,0.0,1.544,0.13116769923191
0.0,0.46992946830479054,0.0,0.0,0.688,0.0,0.688,0.15521878175331602
0.0,0.13894592201642797,0.0,0.0,0.7759999999999999,0.0,0.7759999999999999,0.122647186441733
0.0,0.11397996615103934,0.0,0.0,0.552,0.0,0.552,0.0892736577206352
0.003327832421611887,0.0,0.0,0.0,0.4206721675783881,0.0,0.424,0.056390499729346996
0.5221029541345786,0.0,0.0,0.0,0.10989704586542139,0.0,0.632,0.0147315411209735
2.224,0.0,0.0,0.0,0.0,0.0,2.224,0.0
2.3680000000000003,0.0,0.0,0.0,0.0,0.0,2.3680000000000003,0.0
1.288,0.0,0.0,0.0,0.0,0.0,1.288,0.0
0.7440000000000001,0.0,0.0,0.0,0.0,0.0,0.7440000000000001,0.0
0.88,0.0,0.0,0.0,0.0,0.0,0.88,0.0
0.9359999999999999,0.0,0.0,0.0,0.0,0.0,0.9359999999999999,0.0
0.488,0.0,0.0,0.0,0.0,0.0,0.488,0.0
0.552,0.0,0.0,0.0,0.0,0.0,0.552,0.0
0.568,0.0,0.0,0.0,0.0,0.0,0.568,0.0
0.6,0.0,0.0,0.0,0.0,0.0,0.6,0.0
0.5760000000000001,0.0,0.0,0.0,0.0,0.0,0.5760000000000001,0.0
0.664,0.0,0.0,0.0,0.0,0.0,0.664,0.0
0.608,0.0,0.0,0.0,0.0,0.0,0.608,0.0
0.344,0.0,0.0,0.0,0.0,0.0,0.344,0.0
0.44,0.0,0.0,0.0,0.0,0.0,0.44,0.0
0.64,0.0,0.0,0.0,0.0,0.0,0.64,0.0
1.624,0.0,0.0,0.0,0.0,0.0,1.624,0.0
0.5399565892234827,0.0,0.0,0.0,0.1800434107765173,0.0,0.72,0.024134560565555
0.35080460853603246,0.0,0.0,0.0,0.6011953914639676,0.0,0.9520000000000001,0.0805893785528758
0.0,0.34042520846021707,0.0,0.0,0.568,0.0,0.568,0.12177309415713199
0.0,0.32458329378148204,0.0,0.0,0.47200000000000003,0.0,0.47200000000000003,0.10678084616571801
0.0,0.012967846020607743,0.0,0.0,0.68,0.0,0.68,0.0928913442465615
0.25750328632434977,0.0,0.0,0.0,0.39049671367565025,0.0,0.648,0.0523455234835197
0.8553840934077293,0.0,0.0,0.0,0.016615906592270756,0.0,0.872,0.0022273384084049302
2.752,0.0,0.0,0.0,0.0,0.0,2.752,0.0
2.088,0.0,0.0,0.0,0.0,0.0,2.088,0.0
0.9440000000000001,0.0,0.0,0.0,0.0,0.0,0.9440000000000001,0.0
1.104,0.0,0.0,0.0,0.0,0.0,1.104,0.0
2.728,0.0,0.0,0.0,0.0,0.0,2.728,0.0
0.92,0.0,0.0,0.0,0.0,0.0,0.92,0.0
0.8,0.0,0.0,0.0,0.0,0.0,0.8,0.0
0.552,0.0,0.0,0.0,0.0,0.0,0.552,0.0
0.312,0.0,0.0,0.0,0.0,0.0,0.312,0.0
0.46399999999999997,0.0,0.0,0.0,0.0,0.0,0.46399999999999997,0.0
0.44799999999999995,0.0,0.0,0.0,0.0,0.0,0.44799999999999995,0.0
0.408,0.0,0.0,0.0,0.0,0.0,0.408,0.0
0.5920000000000001,0.0,0.0,0.0,0.0,0.0,0.5920000000000001,0.0
0.48,0.0,0.0,0.0,0.0,0.0,0.48,0.0
0.5760000000000001,0.0,0.0,0.0,0.0,0.0,0.5760000000000001,0.0
0.7759999999999999,0.0,0.0,0.0,0.0,0.0,0.7759999999999999,0.0
0.6941842778169249,0.0,0.0,0.0,0.10581572218307506,0.0,0.8,0.0141844455445545
0.4693297615239604,0.0,0.0,0.0,0.33067023847603966,0.0,0.8,0.0443258704292853
2.0107384288337626,0.0,0.0,0.0,0.661261571166237,0.0,2.6719999999999997,0.0886411636513339
0.0,0.25058228561899887,0.0,0.0,0.84,0.0,0.84,0.146190988664752
0.0,0.28092163085186905,0.0,0.0,0.5760000000000001,0.0,0.5760000000000001,0.11486911356839301
0.0,0.07024278322472055,0.0,0.0,0.696,0.0,0.696,0.102713744312538
0.21966474834883032,0.0,0.0,0.0,0.4043352516511697,0.0,0.624,0.0542005596187964
0.8323196288946956,0.0,0.0,0.0,0.09568037110530432,0.0,0.9279999999999999,0.012825816292950001
0.912,0.0,0.0,0.0,0.0,0.0,0.912,0.0
1.48,0.0,0.0,0.0,0.0,0.0,1.48,0.0
1.68,0.0,0.0,0.0,0.0,0.0,1.68,0.0
1.432,0.0,0.0,0.0,0.0,0.0,1.432,0.0
0.904,0.0,0.0,0.0,0.0,0.0,0.904,0.0
1.008,0.0,0.0,0.0,0.0,0.0,1.008,0.0
0.5760000000000001,0.0,0.0,0.0,0.0,0.0,0.5760000000000001,0.0
0.32799999999999996,0.0,0.0,0.0,0.0,0.0,0.32799999999999996,0.0
0.44,0.0,0.0,0.0,0.0,0.0,0.44,0.0
0.46399999999999997,0.0,0.0,0.0,0.0,0.0,0.46399999999999997,0.0
0.536,0.0,0.0,0.0,0.0,0.0,0.536,0.0
0.568,0.0,0.0,0.0,0.0,0.0,0.568,0.0
0.552,0.0,0.0,0.0,0.0,0.0,0.552,0.0
0.56,0.0,0.0,0.0,0.0,0.0,0.56,0.0
0.512,0.0,0.0,0.0,0.0,0.0,0.512,0.0
1.28,0.0,0.0,0.0,0.0,0.0,1.28,0.0
1.4534602500512541,0.0,0.0,0.0,0.13853974994874563,0.0,1.5919999999999999,0.0185710544554455
0.0,0.18980013875220364,0.0,0.0,0.456,0.0,0.456,0.0865685808480126
0.0,0.25333044365931656,0.0,0.0,0.496,0.0,0.496,0.100446669489938
0.0,0.0593828108579717,0.0,0.0,0.8,0.0,0.8,0.115199031212498
0.4691865305328109,0.0,0.0,0.0,0.8988134694671892,0.0,1.368,0.12048465435327001
0.6270027183248507,0.0,0.0,0.0,0.5969972816751493,0.0,1.224,0.0800266279666583
0.19913538889310084,0.0,0.0,0.0,0.3448646111068992,0.0,0.544,0.0462286056889209
0.5974967335642417,0.0,0.0,0.0,0.06650326643575835,0.0,0.664,0.00891466732761092
1.5119999999999998,0.0,0.0,0.0,0.0,0.0,1.5119999999999998,0.0
2.8,0.0,0.0,0.0,0.0,0.0,2.8,0.0
1.744,0.0,0.0,0.0,0.0,0.0,1.744,0.0
1.104,0.0,0.0,0.0,0.0,0.0,1.104,0.0
1.016,0.0,0.0,0.0,0.0,0.0,1.016,0.0
1.072,0.0,0.0,0.0,0.0,0.0,1.072,0.0
1.008,0.0,0.0,0.0,0.0,0.0,1.008,0.0
0.816,0.0,0.0,0.0,0.0,0.0,0.816,0.0
0.552,0.0,0.0,0.0,0.0,0.0,0.552,0.0
0.496,0.0,0.0,0.0,0.0,0.0,0.496,0.0
0.46399999999999997,0.0,0.0,0.0,0.0,0.0,0.46399999999999997,0.0
0.616,0.0,0.0,0.0,0.0,0.0,0.616,0.0
0.568,0.0,0.0,0.0,0.0,0.0,0.568,0.0
0.52,0.0,0.0,0.0,0.0,0.0,0.52,0.0
0.344,0.0,0.0,0.0,0.0,0.0,0.344,0.0
1.92,0.0,0.0,0.0,0.0,0.0,1.92,0.0
2.07206976863096,0.0,0.0,0.0,0.3039302313690396,0.0,2.376,0.0407414108910891
1.453998124900771,0.0,0.0,0.0,0.8100018750992294,0.0,2.2640000000000002,0.10857958771432699
0.0,0.6185742433011646,0.0,0.0,0.624,0.0,0.624,0.16656529224151997
0.0,0.025663036740571687,0.0,0.0,1.4080000000000001,0.0,1.4080000000000001,0.19218047048532003
0.0,0.32600098440647396,0.0,0.0,1.04,0.0,1.04,0.18311046957273996
0.1519398903418041,0.0,0.0,0.0,1.0480601096581958,0.0,1.2,0.140490952064251
0.14160355336385233,0.0,0.0,0.0,0.6263964466361477,0.0,0.768,0.0839675437950564
0.5930212506202222,0.0,0.0,0.0,0.11097874937977795,0.0,0.7040000000000001,0.0148765419231057
1.16,0.0,0.0,0.0,0.0,0.0,1.16,0.0
1.776,0.0,0.0,0.0,0.0,0.0,1.776,0.0
0.9359999999999999,0.0,0.0,0.0,0.0,0.0,0.9359999999999999,0.0
0.8640000000000001,0.0,0.0,0.0,0.0,0.0,0.8640000000000001,0.0
0.9440000000000001,0.0,0.0,0.0,0.0,0.0,0.9440000000000001,0.0
0.696,0.0,0.0,0.0,0.0,0.0,0.696,0.0
0.696,0.0,0.0,0.0,0.0,0.0,0.696,0.0
0.43200000000000005,0.0,0.0,0.0,0.0,0.0,0.43200000000000005,0.0
